60
42
           .2480e+03 .3470e+03 .4000e+03 .4500e+03 .5000e+03 .5500e+03 .6000e+03 .6500e+03 .7000e+03 .7500e+03 .8000e+03 .8500e+03 .9000e+03 .1060e+04 .1670e+04 .2000e+04 .2200e+04 .2400e+04 .2600e+04 .2800e+04 .3000e+04 .3200e+04 .3400e+04 .3600e+04 .3800e+04 .4000e+04 .5300e+04 .6000e+04 .6200e+04 .6400e+04 .6600e+04 .6800e+04 .7000e+04 .7200e+04 .7400e+04 .7600e+04 .7800e+04 .8000e+04 .8600e+04 .8800e+04 .9000e+04 .9200e+04 .9400e+04 .9600e+04 .9800e+04 .1000e+05 .1020e+05 .1040e+05 .1060e+05 .1160e+05 .1180e+05 .1200e+05 .1220e+05 .1240e+05 .1260e+05 .1280e+05 .1300e+05 .1320e+05 .1340e+05 .1360e+05
 .0000e+00 .2178e+00 .1673e+00 .1463e+00 .1319e+00 .1202e+00 .1100e+00 .1014e+00 .9390e-01 .8782e-01 .8266e-01 .7832e-01 .7469e-01 .7144e-01 .6438e-01 .5098e-01 .4806e-01 .4629e-01 .4532e-01 .4428e-01 .4070e-01 .4720e-01 .4830e-01 .4729e-01 .4601e-01 .4526e-01 .4475e-01 .4072e-01 .3306e-01 .3452e-01 .3400e-01 .3436e-01 .3825e-01 .4096e-01 .4066e-01 .3920e-01 .3487e-01 .3057e-01 .2766e-01 .3724e-01 .4053e-01 .4113e-01 .3910e-01 .4114e-01 .4311e-01 .4040e-01 .3592e-01 .3317e-01 .3159e-01 .3047e-01 .2749e-01 .2592e-01 .2440e-01 .2313e-01 .2448e-01 .2680e-01 .2737e-01 .2720e-01 .2669e-01 .2596e-01 .2555e-01
 .1000e+01 .3164e-01 .2573e-01 .2329e-01 .2162e-01 .2027e-01 .1899e-01 .1786e-01 .1690e-01 .1608e-01 .1541e-01 .1488e-01 .1443e-01 .1408e-01 .1322e-01 .1122e-01 .1056e-01 .1009e-01 .9722e-02 .9204e-02 .7844e-02 .9521e-02 .9928e-02 .9608e-02 .9240e-02 .8954e-02 .8697e-02 .7005e-02 .5445e-02 .5860e-02 .5678e-02 .5793e-02 .6535e-02 .7063e-02 .7090e-02 .6362e-02 .5363e-02 .4551e-02 .4128e-02 .6179e-02 .6880e-02 .7124e-02 .6895e-02 .7325e-02 .7628e-02 .6783e-02 .5804e-02 .5266e-02 .4963e-02 .4746e-02 .4350e-02 .4054e-02 .3816e-02 .3670e-02 .3993e-02 .4451e-02 .4513e-02 .4443e-02 .4330e-02 .4197e-02 .4135e-02
 .2000e+01 .1615e-01 .1303e-01 .1183e-01 .1091e-01 .1018e-01 .9554e-02 .8996e-02 .8494e-02 .8043e-02 .7655e-02 .7324e-02 .7056e-02 .6832e-02 .6307e-02 .5481e-02 .5191e-02 .5052e-02 .4905e-02 .4554e-02 .4236e-02 .4573e-02 .4960e-02 .4780e-02 .4630e-02 .4451e-02 .4319e-02 .3418e-02 .2530e-02 .2485e-02 .2422e-02 .2659e-02 .3198e-02 .3613e-02 .3682e-02 .3561e-02 .2814e-02 .2148e-02 .1823e-02 .3240e-02 .3656e-02 .3946e-02 .3982e-02 .4222e-02 .4238e-02 .3812e-02 .3383e-02 .3097e-02 .2872e-02 .2773e-02 .2582e-02 .3342e-02 .2105e-02 .1967e-02 .2070e-02 .2390e-02 .2441e-02 .2414e-02 .2292e-02 .2144e-02 .2058e-02
 .3000e+01 .8084e-02 .6414e-02 .5824e-02 .5347e-02 .4937e-02 .4600e-02 .4316e-02 .4068e-02 .3858e-02 .3664e-02 .3507e-02 .3371e-02 .3253e-02 .2969e-02 .2598e-02 .2532e-02 .2480e-02 .2440e-02 .2392e-02 .2254e-02 .2293e-02 .2344e-02 .2363e-02 .2285e-02 .2186e-02 .2123e-02 .1536e-02 .9869e-03 .9504e-03 .9688e-03 .1181e-02 .1546e-02 .1767e-02 .1911e-02 .1759e-02 .1148e-02 .7233e-03 .5820e-03 .1736e-02 .1841e-02 .2141e-02 .2114e-02 .2109e-02 .2074e-02 .1967e-02 .1890e-02 .1829e-02 .1675e-02 .1534e-02 .1301e-02 .1177e-02 .1027e-02 .8566e-03 .1019e-02 .1134e-02 .1238e-02 .1236e-02 .1181e-02 .1083e-02 .1004e-02
 .4000e+01 .4587e-02 .3683e-02 .3351e-02 .3079e-02 .2835e-02 .2632e-02 .2458e-02 .2307e-02 .2176e-02 .2057e-02 .1953e-02 .1864e-02 .1788e-02 .1603e-02 .1319e-02 .1271e-02 .1245e-02 .1218e-02 .1189e-02 .1126e-02 .1149e-02 .1172e-02 .1177e-02 .1134e-02 .1082e-02 .1050e-02 .7666e-03 .5015e-03 .4808e-03 .4876e-03 .5972e-03 .7918e-03 .9071e-03 .9703e-03 .8886e-03 .5868e-03 .3746e-03 .3016e-03 .8987e-03 .9468e-03 .1097e-02 .1063e-02 .1057e-02 .1036e-02 .9803e-03 .9422e-03 .9180e-03 .8409e-03 .7703e-03 .6561e-03 .5961e-03 .5223e-03 .4372e-03 .5149e-03 .5706e-03 .6233e-03 .6235e-03 .5981e-03 .5500e-03 .5113e-03
 .5000e+01 .2612e-02 .2128e-02 .1943e-02 .1788e-02 .1650e-02 .1530e-02 .1426e-02 .1335e-02 .1252e-02 .1180e-02 .1116e-02 .1060e-02 .1011e-02 .8865e-03 .6916e-03 .6527e-03 .6349e-03 .6199e-03 .6022e-03 .5711e-03 .5864e-03 .5968e-03 .5953e-03 .5709e-03 .5433e-03 .5273e-03 .3866e-03 .2575e-03 .2463e-03 .2491e-03 .3071e-03 .4127e-03 .4734e-03 .5007e-03 .4543e-03 .3025e-03 .1959e-03 .1581e-03 .4736e-03 .4960e-03 .5736e-03 .5458e-03 .5405e-03 .5272e-03 .4957e-03 .4768e-03 .4664e-03 .4271e-03 .3913e-03 .3346e-03 .3051e-03 .2684e-03 .2257e-03 .2637e-03 .2914e-03 .3180e-03 .3185e-03 .3066e-03 .2825e-03 .2633e-03
 .6000e+01 .1499e-02 .1240e-02 .1136e-02 .1049e-02 .9705e-03 .9006e-03 .8396e-03 .7841e-03 .7339e-03 .6892e-03 .6503e-03 .6155e-03 .5844e-03 .5023e-03 .3718e-03 .3453e-03 .3312e-03 .3209e-03 .3105e-03 .2963e-03 .3051e-03 .3088e-03 .3056e-03 .2921e-03 .2769e-03 .2682e-03 .1975e-03 .1340e-03 .1278e-03 .1286e-03 .1602e-03 .2192e-03 .2523e-03 .2621e-03 .2350e-03 .1574e-03 .1030e-03 .8316e-04 .2535e-03 .2641e-03 .3053e-03 .2836e-03 .2795e-03 .2714e-03 .2537e-03 .2434e-03 .2389e-03 .2189e-03 .2008e-03 .1727e-03 .1580e-03 .1394e-03 .1180e-03 .1366e-03 .1505e-03 .1641e-03 .1646e-03 .1587e-03 .1468e-03 .1372e-03
 .7000e+01 .1230e-02 .9849e-03 .8903e-03 .8111e-03 .7401e-03 .6783e-03 .6243e-03 .5760e-03 .5331e-03 .4949e-03 .4615e-03 .4323e-03 .4065e-03 .3392e-03 .2326e-03 .2123e-03 .2024e-03 .1943e-03 .1859e-03 .1764e-03 .1852e-03 .1891e-03 .1857e-03 .1735e-03 .1611e-03 .1542e-03 .1041e-03 .7105e-04 .6927e-04 .7048e-04 .9178e-04 .1325e-03 .1548e-03 .1598e-03 .1354e-03 .8595e-04 .5874e-04 .5160e-04 .1636e-03 .1672e-03 .1922e-03 .1704e-03 .1665e-03 .1598e-03 .1454e-03 .1386e-03 .1375e-03 .1220e-03 .1085e-03 .9116e-04 .8138e-04 .7132e-04 .6165e-04 .7325e-04 .8139e-04 .8773e-04 .8753e-04 .8336e-04 .7640e-04 .7183e-04
 .8000e+01 .1022e-02 .7926e-03 .7058e-03 .6347e-03 .5719e-03 .5174e-03 .4704e-03 .4288e-03 .3924e-03 .3602e-03 .3323e-03 .3080e-03 .2867e-03 .2321e-03 .1471e-03 .1310e-03 .1231e-03 .1168e-03 .1106e-03 .1054e-03 .1136e-03 .1178e-03 .1147e-03 .1044e-03 .9472e-04 .8973e-04 .5617e-04 .3919e-04 .3889e-04 .3974e-04 .5414e-04 .8291e-04 .9842e-04 .1014e-03 .8220e-04 .5039e-04 .3642e-04 .3476e-04 .1103e-03 .1100e-03 .1249e-03 .1049e-03 .1015e-03 .9619e-04 .8520e-04 .8166e-04 .8331e-04 .7143e-04 .6118e-04 .4974e-04 .4350e-04 .3787e-04 .3347e-04 .4043e-04 .4514e-04 .4817e-04 .4797e-04 .4524e-04 .4133e-04 .3916e-04
 .9000e+01 .8570e-03 .6427e-03 .5636e-03 .5003e-03 .4453e-03 .3979e-03 .3570e-03 .3220e-03 .2912e-03 .2648e-03 .2417e-03 .2217e-03 .2043e-03 .1599e-03 .9326e-04 .8107e-04 .7514e-04 .7066e-04 .6625e-04 .6373e-04 .7113e-04 .7556e-04 .7303e-04 .6470e-04 .5706e-04 .5354e-04 .3115e-04 .2267e-04 .2279e-04 .2322e-04 .3305e-04 .5377e-04 .6498e-04 .6751e-04 .5307e-04 .3198e-04 .2474e-04 .2536e-04 .7775e-04 .7541e-04 .8420e-04 .6672e-04 .6391e-04 .5978e-04 .5168e-04 .5055e-04 .5387e-04 .4446e-04 .3637e-04 .2822e-04 .2422e-04 .2097e-04 .1899e-04 .2309e-04 .2580e-04 .2731e-04 .2722e-04 .2552e-04 .2336e-04 .2236e-04
 .1000e+02 .1366e-02 .1015e-02 .8805e-03 .7718e-03 .6779e-03 .5975e-03 .5291e-03 .4699e-03 .4194e-03 .7550e-04 .3378e-03 .3053e-03 .2773e-03 .2060e-03 1.000e-04 .8170e-04 .7339e-04 .6754e-04 .6225e-04 .6213e-04 .7375e-04 .7976e-04 .7528e-04 .6363e-04 .5377e-04 .4990e-04 .2628e-04 .2079e-04 .2131e-04 .2156e-04 .3433e-04 .6285e-04 .7736e-04 .7802e-04 .5803e-04 .3345e-04 .2766e-04 .3084e-04 .9829e-04 .9257e-04 .1016e-03 .7245e-04 .6787e-04 .6179e-04 .5113e-04 .5101e-04 .5766e-04 .4549e-04 .3504e-04 .2559e-04 .2126e-04 .1805e-04 .1712e-04 .2105e-04 .2355e-04 .2469e-04 .2478e-04 .2319e-04 .2111e-04 .2055e-04
 .1100e+02 .1109e-02 .8584e-03 .7625e-03 .6838e-03 .6139e-03 .5536e-03 .5017e-03 .4567e-03 .4165e-03 .3815e-03 .3509e-03 .3244e-03 .3013e-03 .2419e-03 .1488e-03 .1304e-03 .1211e-03 .1135e-03 .1057e-03 .9958e-04 .1084e-03 .1120e-03 .1073e-03 .9579e-04 .8468e-04 .7885e-04 .4262e-04 .2890e-04 .2998e-04 .3135e-04 .4658e-04 .7697e-04 .9314e-04 .9382e-04 .7056e-04 .3861e-04 .2849e-04 .3037e-04 .1071e-03 .1057e-03 .1208e-03 .9641e-04 .9211e-04 .8594e-04 .7316e-04 .6867e-04 .7049e-04 .5807e-04 .4752e-04 .3698e-04 .3049e-04 .2565e-04 .2350e-04 .3057e-04 .3492e-04 .3659e-04 .3609e-04 .3308e-04 .2937e-04 .2797e-04
 .1200e+02 .7794e-03 .5759e-03 .5030e-03 .4459e-03 .3968e-03 .3539e-03 .3163e-03 .2835e-03 .2546e-03 .2296e-03 .2079e-03 .1891e-03 .1727e-03 .1302e-03 .6481e-04 .4915e-04 .4261e-04 .3755e-04 .3078e-04 .3467e-04 .4588e-04 .4666e-04 .4106e-04 .3497e-04 .3025e-04 .2758e-04 .1694e-04 .1657e-04 .1390e-04 .1364e-04 .2080e-04 .3675e-04 .4460e-04 .3564e-04 .2529e-04 .1996e-04 .1957e-04 .2258e-04 .5662e-04 .6504e-04 .6036e-04 .4343e-04 .4237e-04 .3721e-04 .2570e-04 .1787e-04 .1525e-04 .1410e-04 .1388e-04 .1352e-04 .1109e-04 .9652e-05 .9895e-05 .1116e-04 .1261e-04 .1278e-04 .1266e-04 .1182e-04 .1108e-04 .1108e-04
 .1300e+02 .6470e-03 .4733e-03 .4093e-03 .3588e-03 .3154e-03 .2773e-03 .2438e-03 .2147e-03 .1897e-03 .1403e-03 .1488e-03 .1324e-03 .1183e-03 .8159e-04 .2679e-04 .1470e-04 .1006e-04 .6865e-05 .2614e-05 .8284e-05 .1774e-04 .1874e-04 .1437e-04 .1009e-04 .7359e-05 .6217e-05 .4292e-05 .8162e-05 .5795e-05 .5103e-05 .9196e-05 .1983e-04 .2466e-04 .1690e-04 .1075e-04 .1114e-04 .1323e-04 .1610e-04 .3591e-04 .4116e-04 .3447e-04 .2003e-04 .1922e-04 .1538e-04 .7514e-05 .2906e-05 .2354e-05 .2327e-05 .2901e-05 .3849e-05 .3093e-05 .2891e-05 .3810e-05 .3224e-05 .3421e-05 .3186e-05 .3323e-05 .3313e-05 .3585e-05 .4033e-05
 .1400e+02 .6039e-03 .4619e-03 .4047e-03 .3571e-03 .3147e-03 .2777e-03 .2455e-03 .2177e-03 .1939e-03 .1723e-03 .1541e-03 .1382e-03 .1245e-03 .8909e-04 .3646e-04 .2755e-04 .2365e-04 .2106e-04 .1888e-04 .1984e-04 .2513e-04 .2752e-04 .2522e-04 .2026e-04 .1620e-04 .1478e-04 .6711e-05 .6515e-05 .6711e-05 .6632e-05 .1186e-04 .2413e-04 .3014e-04 .2941e-04 .2074e-04 .1188e-04 .1061e-04 .1235e-04 .3992e-04 .3677e-04 .3987e-04 .2571e-04 .2352e-04 .2079e-04 .1635e-04 .1667e-04 .2008e-04 .1514e-04 .1094e-04 .7580e-05 .6170e-05 .5247e-05 .5358e-05 .6395e-05 .7064e-05 .7298e-05 .7413e-05 .6920e-05 .6434e-05 .6458e-05
 .1500e+02 .5507e-03 .4241e-03 .3717e-03 .3277e-03 .2884e-03 .2543e-03 .2247e-03 .1994e-03 .1776e-03 .1653e-03 .1414e-03 .1270e-03 .1146e-03 .8264e-04 .3547e-04 .2815e-04 .2479e-04 .2258e-04 .2108e-04 .2088e-04 .2485e-04 .2742e-04 .2579e-04 .2104e-04 .1699e-04 .1561e-04 .6752e-05 .5652e-05 .6415e-05 .6483e-05 .1156e-04 .2323e-04 .2904e-04 .3001e-04 .2144e-04 .1117e-04 .9246e-05 .1060e-04 .3778e-04 .3296e-04 .3802e-04 .2505e-04 .2272e-04 .2046e-04 .1713e-04 .1854e-04 .2260e-04 .1691e-04 .1194e-04 .7848e-05 .6399e-05 .5384e-05 .5303e-05 .6629e-05 .7354e-05 .7674e-05 .7774e-05 .7212e-05 .6590e-05 .6517e-05
 .1600e+02 .4952e-03 .3744e-03 .3259e-03 .2860e-03 .2510e-03 .2207e-03 .1944e-03 .1719e-03 .1523e-03 .1353e-03 .1207e-03 .1081e-03 .9712e-04 .6900e-04 .2745e-04 .2044e-04 .1738e-04 .1537e-04 .1371e-04 .1463e-04 .1903e-04 .2112e-04 .1930e-04 .1524e-04 .1196e-04 .1085e-04 .4715e-05 .4913e-05 .5061e-05 .4960e-05 .9064e-05 .1884e-04 .2363e-04 .2314e-04 .1623e-04 .9395e-05 .8579e-05 .1006e-04 .3187e-04 .2915e-04 .3140e-04 .1984e-04 .1807e-04 .1587e-04 .1233e-04 .1275e-04 .1572e-04 .1170e-04 .8282e-05 .5600e-05 .4548e-05 .3878e-05 .4032e-05 .4747e-05 .5214e-05 .5364e-05 .5474e-05 .5130e-05 .4805e-05 .4866e-05
 .1700e+02 .4589e-03 .3454e-03 .3010e-03 .2648e-03 .2333e-03 .2059e-03 .1821e-03 .1616e-03 .1436e-03 .1262e-03 .1147e-03 .1031e-03 .9289e-04 .6655e-04 .2660e-04 .1942e-04 .1630e-04 .1421e-04 .1238e-04 .1343e-04 .1785e-04 .1980e-04 .1792e-04 .1403e-04 .1090e-04 .9809e-05 .4221e-05 .4718e-05 .4712e-05 .4576e-05 .8362e-05 .1747e-04 .2197e-04 .2121e-04 .1480e-04 .8906e-05 .8397e-05 .9913e-05 .3002e-04 .2790e-04 .2942e-04 .1845e-04 .1685e-04 .1468e-04 .1108e-04 .1123e-04 .1389e-04 .1030e-04 .7296e-05 .4970e-05 .4017e-05 .3445e-05 .3663e-05 .4228e-05 .4631e-05 .4725e-05 .4828e-05 .4533e-05 .4287e-05 .4385e-05
 .1800e+02 .4107e-03 .3089e-03 .2697e-03 .2379e-03 .2102e-03 .1861e-03 .1653e-03 .1473e-03 .1315e-03 .1179e-03 .1060e-03 .9569e-04 .8668e-04 .6331e-04 .2735e-04 .2079e-04 .1783e-04 .1578e-04 .1401e-04 .1440e-04 .1827e-04 .2029e-04 .1868e-04 .1489e-04 .1172e-04 .1057e-04 .4438e-05 .4497e-05 .4677e-05 .4622e-05 .8204e-05 .1670e-04 .2101e-04 .2103e-04 .1483e-04 .8622e-05 .7926e-05 .9309e-05 .2853e-04 .2613e-04 .2819e-04 .1825e-04 .1671e-04 .1473e-04 .1145e-04 .1185e-04 .1455e-04 .1078e-04 .7587e-05 .5040e-05 .4052e-05 .3460e-05 .3609e-05 .4309e-05 .4756e-05 .4854e-05 .4923e-05 .4580e-05 .4282e-05 .4343e-05
 .1900e+02 .3197e-03 .2348e-03 .2027e-03 .1770e-03 .1550e-03 .1361e-03 .1201e-03 .1064e-03 .9453e-04 .8496e-04 .7575e-04 .6831e-04 .6189e-04 .4571e-04 .2197e-04 .1764e-04 .1556e-04 .1401e-04 .1257e-04 .1242e-04 .1546e-04 .1741e-04 .1634e-04 .1317e-04 .1047e-04 .9427e-05 .3849e-05 .3651e-05 .3904e-05 .3930e-05 .6671e-05 .1309e-04 .1646e-04 .1721e-04 .1226e-04 .7084e-05 .6502e-05 .7637e-05 .2261e-04 .2061e-04 .2239e-04 .1515e-04 .1400e-04 .1248e-04 .9793e-05 .1021e-04 .1243e-04 .9169e-05 .6401e-05 .4142e-05 .3288e-05 .2810e-05 .2916e-05 .3589e-05 .4000e-05 .4044e-05 .4058e-05 .3736e-05 .3465e-05 .3506e-05
 .2000e+02 .2087e-03 .1467e-03 .1236e-03 .1055e-03 .9034e-04 .7769e-04 .6727e-04 .5858e-04 .5129e-04 .4521e-04 .4017e-04 .3596e-04 .3243e-04 .2417e-04 .1371e-04 .1179e-04 .1074e-04 .9843e-05 .8857e-05 .8472e-05 .1056e-04 .1213e-04 .1159e-04 .9402e-05 .7520e-05 .6734e-05 .2663e-05 .2448e-05 .2650e-05 .2715e-05 .4363e-05 .8182e-05 .1028e-04 .1126e-04 .8097e-05 .4770e-05 .4472e-05 .5280e-05 .1450e-04 .1333e-04 .1433e-04 .1023e-04 .9583e-05 .8595e-05 .6696e-05 .6932e-05 .8358e-05 .6127e-05 .4236e-05 .2671e-05 .2077e-05 .1787e-05 .1871e-05 .2367e-05 .2668e-05 .2647e-05 .2619e-05 .2381e-05 .2199e-05 .2233e-05
 .2100e+02 .1112e-03 .7625e-04 .6332e-04 .5328e-04 .4498e-04 .3817e-04 .3265e-04 .2812e-04 .2440e-04 .2119e-04 .1886e-04 .1684e-04 .1518e-04 .1155e-04 .7507e-05 .6698e-05 .6184e-05 .5690e-05 .5099e-05 .4777e-05 .5919e-05 .6809e-05 .6533e-05 .5318e-05 .4261e-05 .3794e-05 .1465e-05 .1334e-05 .1451e-05 .1502e-05 .2354e-05 .4304e-05 .5407e-05 .6029e-05 .4321e-05 .2571e-05 .2439e-05 .2891e-05 .7695e-05 .7137e-05 .7645e-05 .5617e-05 .5291e-05 .4705e-05 .3652e-05 .3735e-05 .4470e-05 .3264e-05 .2248e-05 .1408e-05 .1082e-05 .9352e-06 .9894e-06 .1272e-05 .1443e-05 .1413e-05 .1385e-05 .1250e-05 .1151e-05 .1173e-05
 .2200e+02 .4879e-04 .3451e-04 .2918e-04 .2499e-04 .2148e-04 .1859e-04 .1621e-04 .1424e-04 .1260e-04 .1123e-04 .1009e-04 .9155e-05 .8375e-05 .6575e-05 .4072e-05 .3480e-05 .3130e-05 .2813e-05 .2481e-05 .2328e-05 .2796e-05 .3089e-05 .2889e-05 .2352e-05 .1870e-05 .1653e-05 .6297e-06 .5915e-06 .6401e-06 .6574e-06 .1081e-05 .2042e-05 .2573e-05 .2713e-05 .1882e-05 .1095e-05 .1020e-05 .1208e-05 .3511e-05 .3266e-05 .3570e-05 .2531e-05 .2348e-05 .2007e-05 .1567e-05 .1571e-05 .1883e-05 .1380e-05 .9589e-06 .6256e-06 .4874e-06 .4205e-06 .4474e-06 .5672e-06 .6398e-06 .6286e-06 .6208e-06 .5636e-06 .5204e-06 .5306e-06
 .2300e+02 .3137e-04 .2280e-04 .1954e-04 .1695e-04 .1475e-04 .1293e-04 .1142e-04 .1016e-04 .9090e-05 .8231e-05 .7429e-05 .6798e-05 .6265e-05 .4963e-05 .2872e-05 .2345e-05 .2050e-05 .1799e-05 .1561e-05 .1499e-05 .1759e-05 .1882e-05 .1709e-05 .1383e-05 .1080e-05 .9484e-06 .3572e-06 .3601e-06 .3831e-06 .3850e-06 .6745e-06 .1339e-05 .1698e-05 .1694e-05 .1145e-05 .6585e-06 .6052e-06 .7148e-06 .2251e-05 .2083e-05 .2310e-05 .1544e-05 .1405e-05 .1177e-05 .8996e-06 .8991e-06 .1103e-05 .8103e-06 .5648e-06 .3794e-06 .3025e-06 .2604e-06 .2785e-06 .3403e-06 .3783e-06 .3757e-06 .3770e-06 .3478e-06 .3245e-06 .3317e-06
 .2400e+02 .3432e-04 .2426e-04 .2044e-04 .1744e-04 .1493e-04 .1287e-04 .1120e-04 .9820e-05 .8673e-05 .7725e-05 .6940e-05 .6296e-05 .5763e-05 .4498e-05 .2635e-05 .2169e-05 .1904e-05 .1679e-05 .1460e-05 .1405e-05 .1708e-05 .1878e-05 .1723e-05 .1385e-05 .1075e-05 .9467e-06 .3566e-06 .3681e-06 .3887e-06 .3879e-06 .6682e-06 .1326e-05 .1686e-05 .1727e-05 .1194e-05 .7067e-06 .6639e-06 .7848e-06 .2308e-05 .2123e-05 .2316e-05 .1548e-05 .1415e-05 .1231e-05 .9113e-06 .9358e-06 .1169e-05 .8541e-06 .5871e-06 .3795e-06 .3019e-06 .2608e-06 .2793e-06 .3371e-06 .3733e-06 .3706e-06 .3729e-06 .3455e-06 .3248e-06 .3333e-06
 .2500e+02 .3137e-04 .2199e-04 .1842e-04 .1562e-04 .1329e-04 .1140e-04 .9860e-05 .8599e-05 .7558e-05 .6694e-05 .6003e-05 .5429e-05 .4954e-05 .3836e-05 .2207e-05 .1799e-05 .1571e-05 .1381e-05 .1198e-05 .1108e-05 .1442e-05 .1601e-05 .1469e-05 .1172e-05 .9028e-06 .7955e-06 .3002e-06 .3193e-06 .3350e-06 .3320e-06 .5748e-06 .1153e-05 .1467e-05 .1507e-05 .1050e-05 .6281e-06 .5948e-06 .7034e-06 .2033e-05 .1863e-05 .2018e-05 .1333e-05 .1216e-05 .1063e-05 .7798e-06 .8141e-06 .1031e-05 .7512e-06 .5133e-06 .3272e-06 .2612e-06 .2258e-06 .2422e-06 .2885e-06 .3179e-06 .3164e-06 .3199e-06 .2976e-06 .2817e-06 .2897e-06
 .2600e+02 .2420e-04 .1707e-04 .1433e-04 .1217e-04 .1038e-04 .8925e-05 .7737e-05 .6764e-05 .5964e-05 .5305e-05 .4763e-05 .4315e-05 .3941e-05 .3046e-05 .1653e-05 .1301e-05 .1113e-05 .9634e-06 .8279e-06 .7250e-06 .1028e-05 .1133e-05 .1024e-05 .8077e-06 .6128e-06 .5389e-06 .2040e-06 .2303e-06 .2389e-06 .2333e-06 .4190e-06 .8662e-06 .1104e-05 .1108e-05 .7686e-06 .4592e-06 .4343e-06 .5135e-06 .1523e-05 .1389e-05 .1505e-05 .9594e-06 .8661e-06 .7420e-06 .5446e-06 .5768e-06 .7441e-06 .5421e-06 .3698e-06 .2370e-06 .1916e-06 .1655e-06 .1778e-06 .2066e-06 .2253e-06 .2262e-06 .2311e-06 .2170e-06 .2073e-06 .2136e-06
 .2700e+02 .1965e-04 .1388e-04 .1165e-04 .9884e-05 .8428e-05 .7245e-05 .6279e-05 .5491e-05 .4844e-05 .4314e-05 .3871e-05 .3506e-05 .3199e-05 .2459e-05 .1262e-05 .9641e-06 .8112e-06 .6936e-06 .5921e-06 .5444e-06 .7644e-06 .8410e-06 .7517e-06 .5864e-06 .4391e-06 .3862e-06 .1474e-06 .1753e-06 .1798e-06 .1730e-06 .3203e-06 .6792e-06 .8668e-06 .8564e-06 .5941e-06 .3554e-06 .3362e-06 .3973e-06 .1195e-05 .1086e-05 .1173e-05 .7253e-06 .6494e-06 .5495e-06 .4048e-06 .4352e-06 .5702e-06 .4151e-06 .2825e-06 .1812e-06 .1480e-06 .1277e-06 .1372e-06 .1559e-06 .1684e-06 .1706e-06 .1760e-06 .1667e-06 .1605e-06 .1655e-06
 .2800e+02 .1711e-04 .1203e-04 .1005e-04 .8499e-05 .7221e-05 .6181e-05 .5339e-05 .4655e-05 .4094e-05 .3632e-05 .3252e-05 .2936e-05 .2671e-05 .2032e-05 .1001e-05 .7538e-06 .6304e-06 .5378e-06 .4593e-06 .4790e-06 .6160e-06 .6836e-06 .6105e-06 .4734e-06 .3527e-06 .3113e-06 .1202e-06 .1460e-06 .1487e-06 .1419e-06 .2651e-06 .5686e-06 .7263e-06 .7174e-06 .5009e-06 .3010e-06 .2857e-06 .3374e-06 .1008e-05 .9127e-06 .9810e-06 .5978e-06 .5346e-06 .4546e-06 .3361e-06 .3652e-06 .4813e-06 .3501e-06 .2376e-06 .1513e-06 .1240e-06 .1070e-06 .1148e-06 .1288e-06 .1385e-06 .1411e-06 .1463e-06 .1393e-06 .1345e-06 .1388e-06
 .2900e+02 .1461e-04 .1024e-04 .8527e-05 .7190e-05 .6090e-05 .5197e-05 .4477e-05 .3893e-05 .3414e-05 .3020e-05 .2697e-05 .2428e-05 .2202e-05 .1656e-05 .7775e-06 .5761e-06 .4782e-06 .4071e-06 .3479e-06 .3863e-06 .4864e-06 .5439e-06 .4853e-06 .3737e-06 .2767e-06 .2450e-06 .9589e-07 .1191e-06 .1206e-06 .1141e-06 .2157e-06 .4685e-06 .5985e-06 .5896e-06 .4135e-06 .2491e-06 .2369e-06 .2796e-06 .8345e-06 .7531e-06 .8058e-06 .4838e-06 .4321e-06 .3684e-06 .2737e-06 .2998e-06 .3972e-06 .2888e-06 .1956e-06 .1241e-06 .1021e-06 .8807e-07 .9437e-07 .1047e-06 .1120e-06 .1148e-06 .1196e-06 .1146e-06 .1108e-06 .1144e-06
 .3000e+02 .1212e-04 .8491e-05 .7055e-05 .5936e-05 .5019e-05 .4277e-05 .3679e-05 .3193e-05 .2796e-05 .2469e-05 .2200e-05 .1976e-05 .1789e-05 .1329e-05 .5854e-06 .4230e-06 .3463e-06 .2932e-06 .2503e-06 .2756e-06 .3689e-06 .4147e-06 .3686e-06 .2809e-06 .2056e-06 .1826e-06 .7271e-07 .9360e-07 .9398e-07 .8795e-07 .1699e-06 .3757e-06 .4798e-06 .4685e-06 .3293e-06 .1984e-06 .1887e-06 .2227e-06 .6703e-06 .6024e-06 .6424e-06 .3777e-06 .3361e-06 .2857e-06 .2137e-06 .2360e-06 .3151e-06 .2290e-06 .1550e-06 .9829e-07 .8140e-07 .7017e-07 .7514e-07 .8212e-07 .8732e-07 .9011e-07 .9451e-07 .9129e-07 .8835e-07 .9129e-07
 .3500e+02 .5360e-05 .3693e-05 .3041e-05 .2547e-05 .2153e-05 .1844e-05 .1595e-05 .1391e-05 .1226e-05 .1092e-05 .9766e-06 .8808e-06 .8002e-06 .5837e-06 .1957e-06 .1199e-06 .8799e-07 .7011e-07 .5861e-07 .5026e-07 .1166e-06 .1345e-06 .1169e-06 .8427e-07 .5706e-07 .5151e-07 .2252e-07 .3463e-07 .3332e-07 .2921e-07 .6216e-07 .1492e-06 .1913e-06 .1816e-06 .1302e-06 .7908e-07 .7553e-07 .8890e-07 .2710e-06 .2384e-06 .2504e-06 .1330e-06 .1163e-06 .9708e-07 .7591e-07 .8854e-07 .1233e-06 .8932e-07 .5989e-07 .3724e-07 .3183e-07 .2736e-07 .2912e-07 .2944e-07 .3114e-07 .3235e-07 .3515e-07 .3538e-07 .3454e-07 .3584e-07
 .4000e+02 .3953e-05 .2627e-05 .2178e-05 .1853e-05 .1599e-05 .1401e-05 .1243e-05 .1115e-05 .1010e-05 .9234e-06 .8493e-06 .7856e-06 .7297e-06 .5766e-06 .2616e-06 .1850e-06 .1493e-06 .1238e-06 .1044e-06 .1107e-06 .1411e-06 .1567e-06 .1388e-06 .1071e-06 .7813e-07 .6916e-07 .2706e-07 .3408e-07 .3382e-07 .3118e-07 .5912e-07 .1306e-06 .1688e-06 .1675e-06 .1201e-06 .7332e-07 .7007e-07 .8240e-07 .2373e-06 .2124e-06 .2264e-06 .1321e-06 .1176e-06 .1005e-06 .7623e-07 .8608e-07 .1160e-06 .8408e-07 .5644e-07 .3470e-07 .2884e-07 .2486e-07 .2647e-07 .2839e-07 .2992e-07 .3112e-07 .3286e-07 .3190e-07 .3114e-07 .3220e-07
 .4500e+02 .2620e-05 .1692e-05 .1429e-05 .1241e-05 .1095e-05 .9791e-06 .8862e-06 .8102e-06 .7462e-06 .6919e-06 .6449e-06 .6029e-06 .5647e-06 .4567e-06 .2205e-06 .1596e-06 .1305e-06 .1088e-06 .9162e-07 .1004e-06 .1118e-06 .1185e-06 .1034e-06 .8138e-07 .6076e-07 .5339e-07 .2044e-07 .2445e-07 .2444e-07 .2298e-07 .4378e-07 .9473e-07 .1220e-06 .1171e-06 .8111e-07 .4837e-07 .4539e-07 .5335e-07 .1642e-06 .1496e-06 .1627e-06 .9705e-07 .8623e-07 .7370e-07 .5444e-07 .5817e-07 .7616e-07 .5565e-07 .3805e-07 .2479e-07 .2044e-07 .1759e-07 .1886e-07 .2084e-07 .1779e-07 .2293e-07 .2390e-07 .2276e-07 .2207e-07 .2274e-07
 .5000e+02 .1333e-05 .9045e-06 .7798e-06 .6958e-06 .6308e-06 .5785e-06 .5351e-06 .4980e-06 .4653e-06 .4359e-06 .4088e-06 .3835e-06 .3598e-06 .2860e-06 .1206e-06 .8205e-07 .6454e-07 .5269e-07 .4375e-07 .4583e-07 .5721e-07 .6166e-07 .5373e-07 .4122e-07 .3006e-07 .2656e-07 .1036e-07 .1324e-07 .1311e-07 .1207e-07 .2344e-07 .5221e-07 .6740e-07 .6548e-07 .4635e-07 .2801e-07 .2661e-07 .3130e-07 .9315e-07 .8370e-07 .8973e-07 .5183e-07 .4596e-07 .3916e-07 .2955e-07 .3289e-07 .4417e-07 .3208e-07 .2166e-07 .1361e-07 .1134e-07 .9764e-08 .1042e-07 .1118e-07 .1179e-07 .1228e-07 .1297e-07 .1261e-07 .1225e-07 .1266e-07
 .5500e+02 .1047e-05 .8682e-06 .7284e-06 .6458e-06 .5862e-06 .5399e-06 .5021e-06 .4698e-06 .4412e-06 .4152e-06 .3906e-06 .3675e-06 .3455e-06 .2747e-06 .1114e-06 .7404e-07 .5731e-07 .4640e-07 .3832e-07 .3902e-07 .6051e-07 .8076e-07 .7755e-07 .5824e-07 .4136e-07 .3715e-07 .1401e-07 .1729e-07 .1756e-07 .1603e-07 .2457e-07 .5147e-07 .6906e-07 .8823e-07 .7236e-07 .4818e-07 .4897e-07 .5770e-07 .1196e-06 .1019e-06 .1004e-06 .6232e-07 .5780e-07 .5119e-07 .4166e-07 .5570e-07 .7932e-07 .5596e-07 .3531e-07 .1676e-07 .1374e-07 .1200e-07 .1237e-07 .1281e-07 .3021e-07 .1371e-07 .1464e-07 .1474e-07 .1475e-07 .1540e-07
 .6000e+02 .1386e-05 .9084e-06 .7818e-06 .7019e-06 .6424e-06 .5949e-06 .5555e-06 .5215e-06 .4911e-06 .4634e-06 .4374e-06 .4127e-06 .3892e-06 .3137e-06 .1357e-06 .9288e-07 .7320e-07 .5977e-07 .4961e-07 .5131e-07 .6574e-07 .7532e-07 .6791e-07 .5210e-07 .3780e-07 .3351e-07 .1279e-07 .1584e-07 .1583e-07 .1457e-07 .2591e-07 .5620e-07 .7357e-07 .7840e-07 .5867e-07 .3689e-07 .3604e-07 .4241e-07 .1090e-06 .9637e-07 .1008e-06 .6004e-07 .5408e-07 .4673e-07 .3617e-07 .4313e-07 .5923e-07 .4250e-07 .2791e-07 .1580e-07 .1306e-07 .1130e-07 .1192e-07 .1269e-07 .1330e-07 .1381e-07 .1461e-07 .1430e-07 .1407e-07 .1459e-07
 .6500e+02 .1731e-05 .5063e-06 .5279e-06 .5214e-06 .5079e-06 .4905e-06 .4716e-06 .4518e-06 .4318e-06 .4117e-06 .3916e-06 .3713e-06 .3514e-06 .2843e-06 .1225e-06 .8355e-07 .6541e-07 .5301e-07 .4369e-07 .4401e-07 .2823e-07 .1277e-07 .3148e-07 .2127e-07 .1319e-07 .1331e-07 .3828e-08 .2555e-08 .3974e-08 .3590e-08 .1143e-07 .3579e-07 .3966e-07 .1935e-07 .3999e-07 .3610e-07 .4289e-07 .5074e-07 .1063e-07 .5000e-08 .2895e-07 .3055e-08 .4529e-08 .9476e-08 .1482e-07 .4092e-07 .6629e-07 .4379e-07 .2299e-07 .4161e-10 .7861e-09 .2016e-09 .1375e-08 .2354e-08 .3943e-07 .3530e-08 .3493e-08 .2212e-08 .1096e-08 .7289e-09
 .7000e+02 .1818e-05 .1043e-05 .8663e-06 .7665e-06 .6979e-06 .6450e-06 .6027e-06 .5670e-06 .5354e-06 .5065e-06 .4795e-06 .4539e-06 .4291e-06 .3490e-06 .1539e-06 .1060e-06 .8385e-07 .6862e-07 .5708e-07 .5910e-07 .8809e-07 .1226e-06 .1204e-06 .9122e-07 .6518e-07 .5851e-07 .2162e-07 .2546e-07 .2615e-07 .2405e-07 .3369e-07 .6728e-07 .9185e-07 .1286e-06 .1090e-06 .7404e-07 .7612e-07 .8971e-07 .1703e-06 .1436e-06 .1386e-06 .8986e-07 .8456e-07 .7585e-07 .6242e-07 .8596e-07 .1229e-06 .8638e-07 .5385e-07 .2396e-07 .1943e-07 .1705e-07 .1739e-07 .1808e-07 .1865e-06 .1921e-07 .2043e-07 .2066e-07 .2079e-07 .2175e-07
 .8000e+02 .1302e-05 .5273e-05 .3636e-05 .2817e-05 .2302e-05 .1953e-05 .1708e-05 .1529e-05 .1390e-05 .1280e-05 .1188e-05 .1112e-05 .1043e-05 .8498e-06 .3989e-06 .2838e-06 .2313e-06 .1940e-06 .1649e-06 .1832e-06 .5163e-06 .1063e-06 .1169e-06 .8689e-06 .6081e-06 .5556e-06 .1982e-06 .2204e-06 .2354e-06 .2163e-06 .1950e-06 .3037e-06 .4743e-06 .1156e-06 .1134e-06 .8287e-06 .8899e-06 .1050e-06 .1432e-06 .1116e-06 .9189e-06 .7002e-06 .7077e-06 .6705e-06 .5973e-06 .9563e-06 .1418e-06 .9781e-06 .5816e-06 .1916e-06 .1503e-06 .1351e-06 .1302e-06 .1296e-06 .1294e-06 .1309e-06 .1408e-06 .1506e-06 .1592e-06 .1693e-06
 .9000e+02 .1329e-05 .1164e-05 .1077e-05 .9970e-06 .9200e-06 .8477e-06 .7807e-06 .7195e-06 .6636e-06 .6126e-06 .5659e-06 .5230e-06 .4836e-06 .3683e-06 .1432e-06 .9585e-07 .7489e-07 .6107e-07 .5080e-07 .5466e-07 .6336e-07 .5655e-07 .4331e-07 .3335e-07 .2483e-07 .2164e-07 .9125e-08 .1290e-07 .1236e-07 .1142e-07 .2820e-07 .6655e-07 .8344e-07 .6328e-07 .3666e-07 .1847e-07 .1498e-07 .1758e-07 .9620e-07 .9057e-07 .1036e-06 .5534e-07 .4691e-07 .3828e-07 .2656e-07 .2218e-07 .2641e-07 .2049e-07 .1585e-07 .1443e-07 .1226e-07 .1041e-07 .1147e-07 .1258e-07 .1346e-07 .1411e-07 .1485e-07 .1413e-07 .1336e-07 .1369e-07
 .1000e+03 .1329e-06 .1164e-06 .1077e-06 .9970e-07 .9200e-07 .8477e-07 .7807e-07 .7195e-07 .6636e-07 .6126e-07 .5659e-07 .5230e-07 .4836e-07 .3683e-07 .1432e-07 .9585e-08 .7489e-08 .6107e-08 .5080e-08 .5466e-08 .6336e-08 .5655e-08 .4331e-08 .3335e-08 .2483e-08 .2164e-08 .9125e-09 .1290e-08 .1236e-08 .1142e-08 .2820e-08 .6655e-08 .8344e-08 .6328e-08 .3666e-08 .1847e-08 .1498e-08 .1758e-08 .9620e-08 .9057e-08 .1036e-07 .5534e-08 .4691e-08 .3828e-08 .2656e-08 .2218e-08 .2641e-08 .2049e-08 .1585e-08 .1443e-08 .1226e-08 .1041e-08 .1147e-08 .1258e-08 .1346e-08 .1411e-08 .1485e-08 .1413e-08 .1336e-08 .1369e-08
 .0000e+00 .4735e-02 .3640e-02 .2779e-02 .2544e-02 .2384e-02 .2230e-02 .2067e-02 .1936e-02 .1813e-02 .1744e-02 .1647e-02 .1593e-02 .1493e-02 .2146e-02 .1594e-02 .1612e-02 .1296e-02 .1202e-02 .8456e-03 .7916e-04 .1318e-03 .2173e-03 .4252e-03 .5960e-03 .7952e-03 .7897e-03 .4537e-03 .5221e-04 .6135e-04 .6979e-04 .5631e-04 .5766e-04 .7329e-04 .8042e-04 .2262e-03 .1740e-03 .8591e-04 .4167e-04 .4280e-04 .5848e-04 .7556e-04 .9044e-04 .1126e-03 .1309e-03 .1585e-03 .1433e-03 .1188e-03 .1069e-03 .9967e-04 .6839e-04 .6588e-04 .5878e-04 .4894e-04 .5199e-04 .6421e-04 .6930e-04 .7014e-04 .6962e-04 .6730e-04 .6567e-04
 .1000e+01 .6943e-03 .6248e-03 .4906e-03 .3160e-03 .4587e-03 .4435e-03 .4370e-03 .3998e-03 .3866e-03 .3802e-03 .3602e-03 .3408e-03 .3174e-03 .4872e-03 .3147e-03 .2565e-03 .2313e-03 .1985e-03 .1360e-03 .1616e-04 .2697e-04 .4634e-04 .8702e-04 .1135e-03 .1417e-03 .1321e-03 .7290e-04 .1237e-04 .1461e-04 .1624e-04 .1344e-04 .1389e-04 .1789e-04 .1954e-04 .4206e-04 .3187e-04 .1732e-04 .9283e-05 .1029e-04 .1423e-04 .1849e-04 .2177e-04 .2688e-04 .3129e-04 .3406e-04 .3015e-04 .2547e-04 .2300e-04 .2137e-04 .1531e-04 .1452e-04 .1295e-04 .1089e-04 .1169e-04 .1445e-04 .1554e-04 .1564e-04 .1542e-04 .1483e-04 .1441e-04
 .2000e+01 .4858e-03 .3860e-03 .3187e-03 .2944e-03 .2853e-03 .2717e-03 .2616e-03 .2439e-03 .2374e-03 .2246e-03 .2077e-03 .2048e-03 .1947e-03 .2217e-03 .1717e-03 .1509e-03 .1395e-03 .1220e-03 .5855e-04 .1302e-04 .1434e-04 .6129e-04 .5812e-04 .9005e-04 .8885e-04 .8177e-04 .3515e-04 .7569e-05 .9140e-05 .6451e-05 .6225e-05 .7515e-05 .1097e-04 .1281e-04 .2883e-04 .2927e-04 .1245e-04 .4595e-05 .7429e-05 .1103e-04 .1751e-04 .2475e-04 .3193e-04 .3279e-04 .2791e-04 .2492e-04 .2164e-04 .1918e-04 .1807e-04 .1435e-04 .1427e-04 .1242e-04 .1047e-04 .9729e-05 .1247e-04 .1356e-04 .1388e-04 .1340e-04 .1249e-04 .1165e-04
 .3000e+01 .2775e-03 .2043e-03 .1801e-03 .1677e-03 .1628e-03 .1600e-03 .1547e-03 .1550e-03 .1554e-03 .1509e-03 .1529e-03 .1499e-03 .1492e-03 .1767e-03 .1740e-03 .1635e-04 .1359e-03 .1155e-04 .8368e-04 .1305e-04 .1060e-04 .1713e-04 .6730e-04 .6996e-04 .6645e-04 .6563e-04 .2132e-04 .4966e-05 .3250e-05 .2856e-05 .3154e-05 .4576e-05 .6742e-05 .8177e-05 .1531e-04 .1170e-04 .4393e-05 .1393e-05 .7006e-05 .9617e-05 .1633e-04 .2274e-04 .2567e-04 .2631e-04 .2081e-04 .1942e-04 .1785e-04 .1682e-04 .1534e-04 .1009e-04 .1122e-04 .9259e-05 .6272e-05 .6464e-05 .7695e-05 .9729e-05 .9991e-05 .9880e-05 .9243e-05 .8225e-05
 .4000e+01 .1697e-03 .1237e-03 .1074e-03 .9808e-04 .8885e-04 .8631e-04 .8329e-04 .8209e-04 .8098e-04 .8098e-04 .7955e-04 .7714e-04 .7753e-04 .9673e-04 .8360e-05 .7431e-04 .7161e-04 .5975e-04 .4234e-04 .6907e-05 .5622e-05 .8774e-05 .3377e-04 .3518e-04 .3352e-04 .3334e-04 .1078e-04 .2490e-05 .1636e-05 .1438e-05 .1573e-05 .2265e-05 .3362e-05 .4039e-05 .7719e-05 .5889e-05 .2190e-05 .6906e-06 .3441e-05 .4729e-05 .8050e-05 .1114e-04 .1255e-04 .1285e-04 .1018e-04 .9554e-05 .8838e-05 .8360e-05 .7637e-05 .4976e-05 .5618e-05 .4568e-05 .3067e-05 .3153e-05 .3755e-05 .4743e-05 .4873e-05 .4822e-05 .4528e-05 .4030e-05
 .5000e+01 .1036e-03 .7549e-03 .6305e-04 .5656e-04 .5195e-04 .4850e-04 .4722e-04 .4613e-04 .4415e-04 .4335e-04 .4291e-04 .4227e-04 .4136e-04 .4503e-04 .4455e-04 .3798e-04 .3362e-04 .3016e-04 .2231e-04 .3745e-05 .3065e-05 .4600e-05 .1712e-04 .1807e-04 .1726e-04 .1722e-04 .5518e-05 .1254e-05 .8241e-06 .7248e-06 .7950e-06 .1148e-05 .1700e-05 .2043e-05 .3946e-05 .2997e-05 .1103e-05 .3443e-06 .1725e-05 .2370e-05 .4034e-05 .5580e-05 .6275e-05 .6404e-05 .5073e-05 .4775e-05 .4441e-05 .4224e-05 .3864e-05 .2483e-05 .2857e-05 .2298e-05 .1518e-05 .1561e-05 .1859e-05 .2349e-05 .2413e-05 .2390e-05 .2244e-05 .1994e-05
 .6000e+01 .6355e-04 .4565e-04 .3798e-04 .3366e-04 .3113e-04 .2891e-04 .2746e-04 .2585e-04 .2491e-04 .2359e-04 .2334e-04 .2281e-04 .2190e-04 .2386e-04 .2211e-04 .2070e-04 .1741e-04 .1501e-04 .1100e-04 .2102e-05 .1725e-05 .2474e-05 .8822e-05 .9299e-05 .8869e-05 .8838e-05 .2876e-05 .6551e-06 .4358e-06 .3834e-06 .4140e-06 .5917e-06 .8862e-06 .1048e-05 .2049e-05 .1556e-05 .5665e-06 .1772e-06 .8758e-06 .1204e-05 .2061e-05 .2826e-05 .3168e-05 .3226e-05 .2557e-05 .2415e-05 .2256e-05 .2155e-05 .1980e-05 .1254e-05 .1465e-05 .1176e-05 .7636e-06 .7843e-06 .9331e-06 .1180e-05 .9975e-06 .1204e-05 .1130e-05 .9999e-06
 .7000e+01 .5185e-04 .3522e-04 .2936e-04 .2571e-04 .2283e-04 .2106e-04 .1992e-04 .1850e-04 .1793e-04 .1678e-04 .1620e-04 .1577e-04 .1511e-04 .1615e-04 .1308e-04 .1112e-04 .9880e-05 .8551e-05 .6252e-05 .1383e-05 .1132e-05 .1497e-05 .4595e-05 .4765e-05 .4503e-05 .4437e-05 .1511e-05 .3887e-06 .2717e-06 .2411e-06 .2561e-06 .3615e-06 .5489e-06 .6387e-06 .1094e-05 .8209e-06 .3126e-06 .1058e-06 .5206e-06 .7163e-06 .1254e-05 .1693e-05 .1893e-05 .1919e-05 .1482e-05 .1349e-05 .1232e-05 .1161e-05 .1067e-05 .7169e-06 .8018e-06 .6553e-06 .4323e-06 .4488e-06 .5331e-06 .6735e-06 .6905e-06 .6818e-06 .6365e-06 .5619e-06
 .8000e+01 .4216e-04 .2746e-04 .2248e-04 .1931e-04 .1704e-04 .1537e-04 .1453e-04 .1336e-04 .1278e-04 .1187e-04 .1134e-04 .1092e-04 .1043e-04 .1087e-04 .7987e-05 .6583e-05 .5569e-05 .4637e-05 .3398e-05 .9204e-06 .7522e-06 .9243e-06 .2455e-05 .2515e-05 .2352e-05 .2296e-05 .8106e-06 .2331e-06 .1697e-06 .1515e-06 .1575e-06 .2188e-06 .3378e-06 .3847e-06 .5925e-06 .4397e-06 .1748e-06 .6291e-07 .3046e-06 .4197e-06 .7350e-06 .9959e-06 .1109e-05 .1116e-05 .8472e-06 .7524e-06 .6772e-06 .6313e-06 .5780e-06 .4031e-06 .4354e-06 .3584e-06 .2409e-06 .2518e-06 .2983e-06 .3763e-06 .3847e-06 .3776e-06 .3506e-06 .3098e-06
 .9000e+01 .3372e-04 .2110e-04 .1701e-04 .1452e-04 .1263e-04 .1137e-04 .1023e-04 .9792e-05 .8917e-05 .8567e-05 .8249e-05 .7744e-05 .7321e-05 .6974e-05 .4730e-05 .3794e-05 .3136e-05 .2588e-05 .1921e-05 .6193e-06 .5042e-06 .5807e-06 .1339e-05 .1358e-05 .1254e-05 .1208e-05 .4414e-06 .1416e-06 .1069e-06 .9577e-07 .9665e-07 .1312e-06 .2074e-06 .2293e-06 .3238e-06 .2382e-06 .9888e-07 .3760e-07 .1765e-06 .2437e-06 .4338e-06 .5786e-06 .6404e-06 .6415e-06 .4805e-06 .4189e-06 .3728e-06 .3444e-06 .3142e-06 .2254e-06 .2361e-06 .1957e-06 .1338e-06 .1405e-06 .1659e-06 .2088e-06 .2129e-06 .2079e-06 .1919e-06 .1699e-06
 .1000e+02 .5256e-04 .3169e-04 .2490e-04 .2058e-04 .1781e-04 .1573e-04 .1424e-04 .1274e-04 .1197e-04 .1094e-04 .1019e-04 .9554e-05 .8949e-05 .7745e-05 .4521e-05 .3501e-05 .2978e-05 .2440e-05 .1817e-05 .7584e-06 .6191e-06 .6430e-06 .1143e-05 .1114e-05 .9888e-06 .9116e-06 .3448e-06 .1332e-06 .1044e-06 .9347e-07 .9100e-07 .1203e-06 .1956e-06 .2067e-06 .2425e-06 .1785e-06 .8162e-07 .3369e-07 .1514e-06 .2093e-06 .3807e-06 .4957e-06 .5429e-06 .5389e-06 .3996e-06 .3409e-06 .2927e-06 .2600e-06 .2327e-06 .1799e-06 .1736e-06 .1484e-06 .1079e-06 .1140e-06 .1339e-06 .1674e-06 .1696e-06 .1628e-06 .1484e-06 .1335e-06
 .1100e+02 .4573e-04 .2989e-04 .2464e-04 .2132e-04 .1872e-04 .1705e-04 .1593e-04 .1493e-04 .1409e-04 .1323e-04 .1268e-04 .1193e-04 .1165e-04 .1110e-04 .7031e-05 .5568e-05 .4710e-05 .3856e-05 .2832e-05 .9593e-06 .7818e-06 .8965e-06 .1883e-05 .1822e-05 .1639e-05 .1513e-05 .6054e-06 .2327e-06 .1811e-06 .1629e-06 .1620e-06 .2171e-06 .3475e-06 .3791e-06 .4505e-06 .3284e-06 .1512e-06 .6188e-07 .2859e-06 .3955e-06 .7130e-06 .9458e-06 .1044e-05 .1041e-05 .7683e-06 .6493e-06 .5561e-06 .4974e-06 .4477e-06 .3473e-06 .3327e-06 .2868e-06 .2088e-06 .2206e-06 .2593e-06 .3246e-06 .3287e-06 .3156e-06 .2887e-06 .2595e-06
 .1200e+02 .2718e-04 .1723e-04 .1382e-04 .1157e-04 .9904e-05 .8663e-05 .7749e-05 .6995e-05 .6259e-05 .5684e-05 .5147e-05 .4797e-05 .4358e-05 .3581e-05 .1845e-05 .1334e-05 .1068e-05 .8599e-06 .5429e-06 .3452e-06 .3670e-06 .5225e-06 .4595e-06 .4652e-06 .4183e-06 .3704e-06 .1670e-06 .7152e-07 .7303e-07 .6242e-07 .5649e-07 .6519e-07 .1078e-06 .1048e-06 .1208e-06 .9864e-07 .5435e-07 .2837e-07 .5330e-07 .9196e-07 .1426e-06 .1686e-06 .2013e-06 .1951e-06 .1422e-06 .1211e-06 .1033e-06 .9172e-07 .8559e-07 .7284e-07 .6701e-07 .5661e-07 .4800e-07 .4576e-07 .5801e-07 .6223e-07 .6275e-07 .5895e-07 .5335e-07 .4883e-07
 .1300e+02 .2601e-04 .1592e-04 .1259e-04 .1043e-04 .8854e-05 .7707e-05 .6831e-05 .6184e-05 .5544e-05 .5068e-05 .4638e-05 .4299e-05 .3942e-05 .3235e-05 .1667e-05 .1208e-05 .9689e-06 .6997e-06 .5412e-06 .3311e-06 .3132e-06 .3818e-06 .3789e-06 .3760e-06 .3321e-06 .2940e-06 .1274e-06 .5626e-07 .5354e-07 .4646e-07 .4219e-07 .5007e-07 .8392e-07 .8154e-07 .9013e-07 .7013e-07 .3752e-07 .1896e-07 .4620e-07 .7309e-07 .1230e-06 .1477e-06 .1684e-06 .1635e-06 .1188e-06 .9935e-07 .8392e-07 .7434e-07 .6850e-07 .5719e-07 .5295e-07 .4480e-07 .3599e-07 .3570e-07 .4390e-07 .4960e-07 .5006e-07 .4739e-07 .4285e-07 .3878e-07
 .1400e+02 .2485e-04 .1460e-04 .1138e-04 .9283e-05 .7798e-05 .6750e-05 .5913e-05 .5373e-05 .4828e-05 .4452e-05 .4127e-05 .3800e-05 .3524e-05 .2889e-05 .1490e-05 .1083e-05 .8702e-06 .5394e-06 .5394e-06 .3171e-06 .2593e-06 .2411e-06 .2983e-06 .2868e-06 .2459e-06 .2176e-06 .8782e-07 .4100e-07 .3404e-07 .3050e-07 .2789e-07 .3497e-07 .6008e-07 .5835e-07 .5945e-07 .4163e-07 .2069e-07 .9546e-08 .3911e-07 .5422e-07 .1033e-06 .1267e-06 .1355e-06 .1320e-06 .9554e-07 .7749e-07 .6466e-07 .5696e-07 .5140e-07 .4152e-07 .3890e-07 .3300e-07 .2399e-07 .2564e-07 .2978e-07 .3697e-07 .3737e-07 .3583e-07 .3235e-07 .2873e-07
 .1500e+02 .2232e-04 .1310e-04 .1020e-04 .8321e-05 .6989e-05 .6049e-05 .5299e-05 .4811e-05 .4318e-05 .3975e-05 .3680e-05 .3384e-05 .3134e-05 .2551e-05 .1285e-05 .9267e-06 .7425e-06 .5148e-06 .4615e-06 .2802e-06 .2291e-06 .2110e-06 .2517e-06 .2426e-06 .2072e-06 .1830e-06 .7403e-07 .3535e-07 .2954e-07 .2650e-07 .2409e-07 .3004e-07 .5193e-07 .5002e-07 .5008e-07 .3494e-07 .1752e-07 .8154e-08 .3308e-07 .4588e-07 .8798e-07 .1070e-06 .1139e-06 .1105e-06 .7944e-07 .6384e-07 .5358e-07 .4755e-07 .4302e-07 .3451e-07 .3204e-07 .2713e-07 .1985e-07 .2123e-07 .2462e-07 .3049e-07 .3079e-07 .2946e-07 .2654e-07 .2357e-07
 .1600e+02 .1979e-04 .1160e-04 .9013e-05 .7362e-05 .6179e-05 .5346e-05 .4687e-05 .4249e-05 .3807e-05 .3498e-05 .3233e-05 .2968e-05 .2744e-05 .2213e-05 .1080e-05 .7704e-06 .6147e-06 .4902e-06 .3837e-06 .2432e-06 .1988e-06 .1810e-06 .2052e-06 .1983e-06 .1686e-06 .1486e-06 .6024e-07 .2969e-07 .2505e-07 .2250e-07 .2028e-07 .2511e-07 .4377e-07 .4170e-07 .4070e-07 .2826e-07 .1437e-07 .6763e-08 .2706e-07 .3755e-07 .7269e-07 .8734e-07 .9243e-07 .8909e-07 .6333e-07 .5020e-07 .4250e-07 .3813e-07 .3464e-07 .2748e-07 .2519e-07 .2127e-07 .1569e-07 .1682e-07 .1946e-07 .2402e-07 .2421e-07 .2308e-07 .2074e-07 .1841e-07
 .1700e+02 .1834e-04 .1091e-04 .8519e-05 .6999e-05 .5916e-05 .5140e-05 .4507e-05 .4088e-05 .3676e-05 .3377e-05 .3119e-05 .2864e-05 .2648e-05 .2131e-05 .1040e-05 .7409e-06 .5907e-06 .4723e-06 .3718e-06 .2362e-06 .1935e-06 .1776e-06 .2009e-06 .1953e-06 .1669e-06 .1472e-06 .6143e-07 .3063e-07 .2598e-07 .2339e-07 .2115e-07 .2622e-07 .4562e-07 .4372e-07 .4228e-07 .2911e-07 .1478e-07 .7000e-08 .2817e-07 .3912e-07 .7582e-07 .9124e-07 .9641e-07 .9259e-07 .6533e-07 .5190e-07 .4427e-07 .3965e-07 .3585e-07 .2829e-07 .2580e-07 .2177e-07 .1606e-07 .1722e-07 .1989e-07 .2454e-07 .2470e-07 .2352e-07 .2109e-07 .1866e-07
 .1800e+02 .1689e-04 .1023e-04 .8026e-05 .6637e-05 .5653e-05 .4935e-05 .4328e-05 .3928e-05 .3545e-05 .3255e-05 .3006e-05 .2761e-05 .2552e-05 .2049e-05 .1001e-05 .7115e-06 .5668e-06 .4545e-06 .3600e-06 .2292e-06 .1882e-06 .1742e-06 .1967e-06 .1923e-06 .1652e-06 .1458e-06 .6262e-07 .3156e-07 .2691e-07 .2428e-07 .2201e-07 .2733e-07 .4748e-07 .4573e-07 .4386e-07 .2995e-07 .1519e-07 .7237e-08 .2927e-07 .4069e-07 .7894e-07 .9514e-07 .1005e-06 .9617e-07 .6734e-07 .5361e-07 .4603e-07 .4118e-07 .3706e-07 .2908e-07 .2639e-07 .2227e-07 .1643e-07 .1762e-07 .2032e-07 .2506e-07 .2518e-07 .2395e-07 .2145e-07 .1892e-07
 .1900e+02 .1185e-04 .7031e-05 .5525e-05 .4601e-05 .3982e-05 .3529e-05 .3162e-05 .2906e-05 .2665e-05 .2464e-05 .2308e-05 .2141e-05 .1986e-05 .1624e-05 .7704e-06 .5329e-06 .4192e-06 .3331e-06 .2617e-06 .1581e-06 .1285e-06 .1215e-06 .1440e-06 .1413e-06 .1262e-06 .1095e-06 .5020e-07 .2574e-07 .2196e-07 .1996e-07 .1863e-07 .2370e-07 .4015e-07 .4045e-07 .3910e-07 .2574e-07 .1313e-07 .6244e-08 .2654e-07 .3691e-07 .7034e-07 .8782e-07 .9387e-07 .8989e-07 .6222e-07 .4947e-07 .4240e-07 .3789e-07 .3413e-07 .2659e-07 .2397e-07 .1998e-07 .1447e-07 .1565e-07 .1812e-07 .2244e-07 .2250e-07 .2134e-07 .1891e-07 .1651e-07
 .2000e+02 .6818e-05 .3832e-05 .3024e-05 .2566e-05 .2312e-05 .2123e-05 .1997e-05 .1884e-05 .1784e-05 .1673e-05 .1612e-05 .1522e-05 .1421e-05 .1200e-05 .5401e-06 .3544e-06 .2717e-06 .2118e-06 .1634e-06 .8702e-07 .6870e-07 .6888e-07 .9124e-07 .9021e-07 .8710e-07 .7328e-07 .3778e-07 .1993e-07 .1702e-07 .1564e-07 .1526e-07 .2006e-07 .3281e-07 .3516e-07 .3432e-07 .2153e-07 .1106e-07 .5252e-08 .2382e-07 .3312e-07 .6173e-07 .8058e-07 .8718e-07 .8368e-07 .5711e-07 .4533e-07 .3876e-07 .3459e-07 .3120e-07 .2410e-07 .2155e-07 .1769e-07 .1252e-07 .1367e-07 .1591e-07 .1983e-07 .1983e-07 .1873e-07 .1637e-07 .1409e-07
 .2100e+02 .4210e-05 .2394e-05 .1905e-05 .1627e-05 .1472e-05 .1358e-05 .1279e-05 .1211e-05 .1145e-05 .1074e-05 .1031e-05 .9713e-06 .9052e-06 .7614e-06 .3355e-06 .2199e-06 .1688e-06 .1319e-06 .1025e-06 .5564e-07 .4408e-07 .4427e-07 .5774e-07 .5731e-07 .5469e-07 .4695e-07 .2448e-07 .1302e-07 .1118e-07 .1027e-07 .9951e-08 .1301e-07 .2140e-07 .2274e-07 .2196e-07 .1383e-07 .7131e-08 .3393e-08 .1520e-07 .2116e-07 .3969e-07 .5141e-07 .5538e-07 .5291e-07 .3597e-07 .2856e-07 .2448e-07 .2184e-07 .1962e-07 .1497e-07 .1332e-07 .1090e-07 .7725e-08 .8432e-08 .9792e-08 .1217e-07 .1215e-07 .1145e-07 .9983e-08 .8583e-08
 .2200e+02 .1601e-05 .9554e-06 .7852e-06 .6881e-06 .6309e-06 .5925e-06 .5611e-06 .5377e-06 .5045e-06 .4756e-06 .4495e-06 .4206e-06 .3903e-06 .3225e-06 .1309e-06 .8551e-07 .6590e-07 .5192e-07 .4155e-07 .2425e-07 .1945e-07 .1966e-07 .2425e-07 .2442e-07 .2227e-07 .2062e-07 .1118e-07 .6115e-08 .5334e-08 .4907e-08 .4643e-08 .5942e-08 .9991e-08 .1033e-07 .9609e-08 .6132e-08 .3199e-08 .1534e-08 .6582e-08 .9188e-08 .1766e-07 .2225e-07 .2358e-07 .2212e-07 .1483e-07 .1178e-07 .1020e-07 .9076e-08 .8050e-08 .5834e-08 .5079e-08 .4105e-08 .2928e-08 .3195e-08 .3682e-08 .4517e-08 .4475e-08 .4165e-08 .3592e-08 .3075e-08
 .2300e+02 .1356e-05 .3824e-05 .6725e-06 .5868e-06 .5385e-06 .5040e-06 .4776e-06 .4534e-06 .4241e-06 .3992e-06 .3754e-06 .3494e-06 .3255e-06 .2608e-06 .7703e-07 .6677e-07 .5177e-07 .4085e-07 .3312e-07 .2029e-07 .1639e-07 .1637e-07 .1954e-07 .1976e-07 .1788e-07 .1692e-07 .8941e-08 .5031e-08 .4410e-08 .4047e-08 .3752e-08 .4720e-08 .8074e-08 .8154e-08 .7513e-08 .4817e-08 .2516e-08 .1215e-08 .5027e-08 .7034e-08 .1376e-07 .1692e-07 .1772e-07 .1646e-07 .1106e-07 .8862e-08 .7642e-08 .6739e-08 .5925e-08 .4230e-08 .3663e-08 .2961e-08 .2135e-08 .2318e-08 .2652e-08 .3223e-08 .3184e-08 .2954e-08 .2545e-08 .2183e-08
 .2400e+02 .1111e-05 .6692e-05 .5597e-06 .4856e-06 .4459e-06 .4155e-06 .3942e-06 .3692e-06 .3438e-06 .3228e-06 .3012e-06 .2780e-06 .2608e-06 .1991e-06 .2322e-07 .4803e-07 .3765e-07 .2977e-07 .2468e-07 .1633e-07 .1332e-07 .1307e-07 .1483e-07 .1510e-07 .1350e-07 .1323e-07 .6712e-08 .3948e-08 .3486e-08 .3188e-08 .2862e-08 .3498e-08 .6160e-08 .5969e-08 .5418e-08 .3501e-08 .1834e-08 .8973e-09 .3472e-08 .4880e-08 .9864e-08 .1159e-07 .1187e-07 .1079e-07 .7284e-08 .5934e-08 .5086e-08 .4402e-08 .3802e-08 .2626e-08 .2247e-08 .1817e-08 .1342e-08 .1441e-08 .1623e-08 .1928e-08 .1893e-08 .1742e-08 .1498e-08 .1289e-08
 .2500e+02 .9418e-06 .3581e-05 .4744e-06 .4144e-06 .3785e-06 .3515e-06 .3301e-06 .3085e-06 .2865e-06 .2670e-06 .2480e-06 .2283e-06 .2114e-06 .1595e-06 .3251e-07 .3783e-07 .2980e-07 .2374e-07 .1978e-07 .1359e-07 .1117e-07 .1084e-07 .1191e-07 .1221e-07 .1095e-07 .1047e-07 .5331e-08 .3144e-08 .2772e-08 .2527e-08 .2247e-08 .2725e-08 .4839e-08 .4618e-08 .4143e-08 .2660e-08 .1394e-08 .6876e-09 .2598e-08 .3654e-08 .7485e-08 .8607e-08 .8710e-08 .7834e-08 .5336e-08 .4338e-08 .3683e-08 .3165e-08 .2719e-08 .1867e-08 .1595e-08 .1293e-08 .9665e-09 .1030e-08 .1152e-08 .1355e-08 .1328e-08 .1219e-08 .1049e-08 .9060e-09
 .2600e+02 .7723e-06 .4705e-06 .3891e-06 .3433e-06 .3110e-06 .2876e-06 .2662e-06 .2477e-06 .2293e-06 .2113e-06 .1949e-06 .1787e-06 .1622e-06 .1200e-06 .4180e-07 .2763e-07 .2195e-07 .1771e-07 .1489e-07 .1085e-07 .9021e-08 .8623e-08 .8989e-08 .9323e-08 .8400e-08 .7701e-08 .3950e-08 .2339e-08 .2059e-08 .1866e-08 .1632e-08 .1952e-08 .3518e-08 .3267e-08 .2868e-08 .1819e-08 .9562e-09 .4778e-09 .1723e-08 .2429e-08 .5106e-08 .5627e-08 .5553e-08 .4873e-08 .3388e-08 .2740e-08 .2280e-08 .1928e-08 .1637e-08 .1108e-08 .9418e-09 .7677e-09 .5902e-09 .6203e-09 .6809e-09 .7812e-09 .7613e-09 .6957e-09 .6007e-09 .5222e-09
 .2700e+02 .6551e-06 .3988e-06 .3301e-06 .2895e-06 .2619e-06 .2406e-06 .2215e-06 .2052e-06 .1892e-06 .1732e-06 .1589e-06 .1453e-06 .1317e-06 .9601e-07 .3318e-07 .2205e-07 .1750e-07 .1426e-07 .1202e-07 .8965e-08 .7499e-08 .7119e-08 .7291e-08 .7553e-08 .6742e-08 .6130e-08 .3111e-08 .1826e-08 .1606e-08 .1452e-08 .1250e-08 .1477e-08 .2698e-08 .2448e-08 .2118e-08 .1355e-08 .7174e-09 .3603e-09 .1256e-08 .1772e-08 .3791e-08 .4054e-08 .3942e-08 .3427e-08 .2409e-08 .1937e-08 .1606e-08 .1355e-08 .1148e-08 .7781e-09 .6618e-09 .5421e-09 .4235e-09 .4404e-09 .4778e-09 .5412e-09 .5266e-09 .4810e-09 .4168e-09 .3640e-09
 .2800e+02 .5378e-06 .3273e-06 .2711e-06 .2357e-06 .2127e-06 .1935e-06 .1768e-06 .1628e-06 .1491e-06 .1351e-06 .1230e-06 .1120e-06 .1010e-06 .7208e-07 .2456e-07 .1647e-07 .1305e-07 .1082e-07 .9140e-08 .7076e-08 .5977e-08 .5615e-08 .5594e-08 .5783e-08 .5085e-08 .4560e-08 .2272e-08 .1312e-08 .1154e-08 .1036e-08 .8702e-09 .1002e-08 .1880e-08 .1628e-08 .1367e-08 .8901e-09 .4786e-09 .2429e-09 .7887e-09 .1115e-08 .2476e-08 .2479e-08 .2329e-08 .1980e-08 .1429e-08 .1134e-08 .9315e-09 .7819e-09 .6590e-09 .4482e-09 .3817e-09 .3165e-09 .2568e-09 .2604e-09 .2747e-09 .3011e-09 .2920e-09 .2663e-09 .2329e-09 .2058e-09
 .2900e+02 .4548e-06 .2757e-06 .2279e-06 .1974e-06 .1766e-06 .1600e-06 .1457e-06 .1336e-06 .1217e-06 .1101e-06 .1001e-06 .9076e-07 .8177e-07 .5781e-07 .1966e-07 .1323e-07 .1054e-07 .9100e-08 .7387e-08 .5832e-08 .4937e-08 .4588e-08 .4471e-08 .4610e-08 .4035e-08 .3612e-08 .1746e-08 .1003e-08 .8830e-09 .7909e-09 .6531e-09 .7394e-09 .1411e-08 .1184e-08 .9848e-09 .6541e-09 .3552e-09 .1830e-09 .5630e-09 .7971e-09 .1807e-08 .1741e-08 .1607e-08 .1358e-08 .9919e-09 .7853e-09 .6459e-09 .5425e-09 .4569e-09 .3125e-09 .2670e-09 .2228e-09 .1842e-09 .1842e-09 .1915e-09 .2065e-09 .2002e-09 .1827e-09 .1607e-09 .1428e-09
 .3000e+02 .3718e-06 .2242e-06 .1848e-06 .1593e-06 .1406e-06 .1266e-06 .1145e-06 .1044e-06 .9442e-07 .8512e-07 .7711e-07 .6948e-07 .6258e-07 .4354e-07 .1477e-07 .9975e-08 .8034e-08 .7378e-08 .5634e-08 .4588e-08 .3895e-08 .3561e-08 .3347e-08 .3437e-08 .2985e-08 .2664e-08 .1219e-08 .6943e-09 .6118e-09 .5452e-09 .4360e-09 .4765e-09 .9426e-09 .7415e-09 .6019e-09 .4181e-09 .2318e-09 .1231e-09 .3374e-09 .4792e-09 .1137e-08 .1002e-08 .8846e-09 .7356e-09 .5555e-09 .4370e-09 .3604e-09 .3031e-09 .2549e-09 .1770e-09 .1522e-09 .1291e-09 .1114e-09 .1079e-09 .1082e-09 .1120e-09 .1084e-09 .9904e-10 .8838e-10 .7987e-10
 .3500e+02 .2497e-06 .1573e-06 .4811e-06 .4198e-06 .3701e-06 .3293e-06 .2933e-06 .2617e-06 .2324e-06 .2057e-06 .5297e-07 .4755e-07 .4256e-07 .2927e-07 .1005e-07 .6940e-08 .5672e-08 .5132e-08 .4091e-08 .3366e-08 .2875e-08 .2631e-08 .2466e-08 .2553e-08 .2220e-08 .1978e-08 .8750e-09 .4991e-09 .4401e-09 .3915e-09 .3086e-09 .3317e-09 .6680e-09 .5097e-09 .4122e-09 .2927e-09 .1637e-09 .3218e-09 .2290e-09 .3257e-09 .7888e-09 .6691e-09 .5803e-09 .4813e-09 .3690e-09 .2903e-09 .2402e-09 .2023e-09 .1702e-09 .3943e-09 .3427e-09 .2963e-09 .2680e-09 .2503e-09 .2403e-09 .2368e-09 .2292e-09 .2101e-09 .1913e-09 .1765e-09
 .4000e+02 .1275e-06 .9037e-07 .7775e-06 .6804e-06 .5995e-06 .5320e-06 .4721e-06 .4191e-06 .3704e-06 .3264e-06 .2883e-07 .2563e-07 .2253e-07 .1502e-07 .5338e-08 .3904e-08 .3310e-08 .2886e-08 .2549e-08 .2144e-08 .1855e-08 .1701e-08 .1585e-08 .1667e-08 .1455e-08 .1293e-08 .5307e-09 .3039e-09 .2686e-09 .2378e-09 .1811e-09 .1869e-09 .3935e-09 .2778e-09 .2225e-09 .1674e-09 .9562e-10 .5206e-09 .1206e-09 .1723e-09 .4408e-09 .3359e-09 .2760e-09 .2270e-09 .1826e-09 .1437e-09 .1200e-09 .1015e-09 .8543e-10 .6117e-09 .5331e-09 .4634e-09 .4246e-09 .3927e-09 .3724e-09 .3616e-09 .3498e-09 .3211e-09 .2942e-09 .2731e-09
 .4500e+02 .9172e-07 .6680e-07 .4073e-06 .3562e-06 .3134e-06 .2778e-06 .2461e-06 .2182e-06 .1926e-06 .1697e-06 .1999e-07 .1768e-07 .1554e-07 .1035e-07 .3860e-08 .2892e-08 .2488e-08 .2170e-08 .1912e-08 .1620e-08 .1410e-08 .1290e-08 .1196e-08 .1251e-08 .4272e-08 .9514e-09 .3729e-09 .2117e-09 .1867e-09 .1650e-09 .4425e-09 .4599e-09 .2737e-09 .1919e-09 .1530e-09 .3978e-09 .2273e-09 .3583e-09 .2888e-09 .4087e-09 .3020e-09 .2289e-09 .1877e-09 .1542e-09 .4197e-09 .3300e-09 .2755e-09 .2332e-09 .1964e-09 .4158e-09 .3624e-09 .3152e-09 .2891e-09 .2671e-09 .2530e-09 .2453e-09 .2374e-09 .2178e-09 .1997e-09 .1854e-09
 .5000e+02 .5591e-07 .4323e-07 .3714e-07 .3195e-07 .2734e-07 .2350e-07 .2018e-07 .1737e-07 .1487e-07 .1290e-07 .1115e-07 .9744e-08 .8551e-08 .5681e-08 .2382e-08 .1880e-08 .1666e-08 .1454e-08 .1275e-08 .1096e-08 .9649e-09 .8798e-09 .8066e-09 .8352e-09 .7089e-08 .6103e-09 .2152e-09 .1196e-09 .1048e-09 .9219e-10 .7040e-09 .7329e-09 .1538e-09 .1060e-09 .8360e-10 .6281e-09 .3590e-09 .1960e-09 .4571e-09 .6452e-09 .1632e-09 .1217e-09 .9927e-10 .8146e-10 .6568e-09 .5161e-09 .4311e-09 .3650e-09 .3073e-09 .2198e-09 .1917e-09 .1669e-09 .1535e-09 .1415e-09 .1336e-09 .1290e-09 .1248e-09 .1145e-09 .1052e-09 .9768e-10
 .5500e+02 .5810e-07 .4542e-07 .3900e-07 .3355e-07 .2884e-07 .2475e-07 .2122e-07 .1819e-07 .1558e-07 .1350e-07 .1161e-07 .1016e-07 .8885e-08 .5882e-08 .2479e-08 .1962e-08 .1745e-08 .1529e-08 .1344e-08 .1155e-08 .1017e-08 .9291e-09 .8543e-09 .8869e-09 .3945e-08 .6514e-09 .2317e-09 .1289e-09 .1132e-09 .9951e-10 .3927e-09 .4088e-09 .1660e-09 .1144e-09 .9029e-10 .6789e-09 .3881e-09 .2118e-09 .4936e-09 .6973e-09 .1767e-09 .1317e-09 .1075e-09 .8814e-10 .7113e-09 .5590e-09 .4669e-09 .3953e-09 .3327e-09 .2381e-09 .2077e-09 .1807e-09 .1663e-09 .1533e-09 .1447e-09 .1398e-09 .1352e-09 .1240e-09 .1139e-09 .1059e-09
 .6000e+02 .6029e-07 .4762e-07 .4086e-07 .3516e-07 .3036e-07 .2599e-07 .2227e-07 .1903e-07 .1628e-07 .1410e-07 .1208e-07 .1058e-07 .9219e-08 .6082e-08 .2574e-08 .2043e-08 .1825e-08 .1603e-08 .1411e-08 .1213e-08 .1069e-08 .9792e-09 .9029e-09 .9387e-09 .8002e-09 .6926e-09 .2483e-09 .1383e-09 .1215e-09 .1068e-09 .8154e-10 .8472e-10 .1781e-09 .1229e-09 .9705e-10 .7295e-09 .4172e-09 .2277e-09 .5301e-09 .7494e-09 .1900e-09 .1418e-09 .1157e-09 .9490e-10 .7658e-09 .6019e-09 .5027e-09 .4256e-09 .3583e-09 .2564e-09 .2236e-09 .1947e-09 .1791e-09 .1651e-09 .1558e-09 .1505e-09 .1456e-09 .1336e-09 .1227e-09 .1140e-09
 .6500e+02 .6856e-07 .5248e-07 .4485e-07 .3860e-07 .3312e-07 .2868e-07 .2413e-07 .2057e-07 .1757e-07 .1514e-07 .1293e-07 .1130e-07 .9816e-08 .6431e-08 .2712e-08 .2150e-08 .1925e-08 .1696e-08 .1495e-08 .1284e-08 .1131e-08 .1037e-08 .9593e-09 .9991e-09 .8543e-09 .7409e-09 .2678e-09 .1495e-09 .1313e-09 .1156e-09 .8806e-10 .9148e-10 .1924e-09 .1329e-09 .1051e-09 .4073e-09 .4520e-09 .2468e-09 .5740e-09 .4183e-09 .2059e-09 .1537e-09 .1254e-09 .1029e-09 .4276e-09 .6529e-09 .5457e-09 .4621e-09 .3890e-09 .2783e-09 .2427e-09 .2113e-09 .1943e-09 .1791e-09 .1692e-09 .1634e-09 .1580e-09 .1450e-09 .1332e-09 .1237e-09
 .7000e+02 .7683e-07 .5734e-07 .4884e-07 .4203e-07 .3588e-07 .3137e-07 .2600e-07 .2211e-07 .1887e-07 .1617e-07 .1378e-07 .1201e-07 .1040e-07 .6780e-08 .2849e-08 .2258e-08 .2025e-08 .1789e-08 .1577e-08 .1354e-08 .1192e-08 .1096e-08 .1016e-08 .1060e-08 .9084e-09 .7892e-09 .2873e-09 .1606e-09 .1411e-09 .1243e-09 .9466e-10 .9824e-10 .2067e-09 .1429e-09 .1131e-09 .8504e-10 .4868e-09 .2660e-09 .6179e-09 .8734e-10 .2219e-09 .1657e-09 .1352e-09 .1110e-09 .8949e-10 .7040e-09 .5886e-09 .4987e-09 .4197e-09 .3002e-09 .2618e-09 .2280e-09 .2096e-09 .1933e-09 .1825e-09 .1763e-09 .1704e-09 .1564e-09 .1437e-09 .1335e-09
 .8000e+02 .4186e-06 .2515e-06 .1994e-06 .1660e-06 .1386e-06 .1153e-06 .9617e-07 .8050e-07 .6742e-07 .5684e-07 .4782e-07 .4097e-07 .3496e-07 .2153e-07 .7300e-08 .5463e-08 .4774e-08 .4249e-08 .3786e-08 .3210e-08 .2800e-08 .2609e-08 .2468e-08 .2611e-08 .2281e-08 .2022e-08 .8090e-09 .4616e-09 .4074e-09 .3601e-09 .2734e-09 .2804e-09 .5921e-09 .4152e-09 .3334e-09 .2518e-09 .1446e-09 .7987e-10 .1828e-09 .2587e-09 .6587e-09 .4956e-09 .4049e-09 .3330e-09 .2689e-09 .2121e-09 .1788e-09 .1520e-09 .1278e-09 .9108e-10 .7948e-09 .6921e-09 .6361e-09 .5864e-09 .5533e-09 .5342e-09 .5165e-09 .4741e-09 .4354e-09 .4048e-09
 .9000e+02 .7578e-07 .5292e-07 .4401e-07 .3701e-07 .3115e-07 .2650e-07 .2268e-07 .1956e-07 .1690e-07 .1485e-07 .1306e-07 .1162e-07 .1040e-07 .7383e-08 .3353e-08 .2565e-08 .2209e-08 .1885e-08 .1619e-08 .1371e-08 .1187e-08 .1059e-08 .9522e-09 .9737e-09 .8169e-09 .6986e-09 .2409e-09 .1334e-09 .1169e-09 .1027e-09 .7848e-09 .8185e-10 .1715e-09 .1179e-09 .9275e-10 .6959e-09 .3979e-09 .2168e-09 .5074e-09 .7153e-09 .1806e-09 .1344e-09 .1097e-09 .8997e-10 .7257e-09 .5700e-09 .4754e-09 .4023e-09 .3388e-09 .2425e-09 .2114e-09 .1841e-09 .1694e-09 .1561e-09 .1474e-09 .1429e-09 .1377e-09 .1263e-09 .1160e-09 .1078e-09
 .1000e+03 .7578e-08 .5292e-08 .4401e-08 .3701e-08 .3115e-08 .2650e-08 .2268e-08 .1956e-08 .1690e-08 .1485e-08 .1306e-08 .1162e-08 .1040e-08 .7383e-09 .3353e-09 .2565e-09 .2209e-09 .1885e-09 .1619e-09 .1371e-09 .1187e-09 .1059e-09 .9522e-10 .9737e-10 .8169e-10 .6986e-10 .2409e-10 .1334e-10 .1169e-10 .1027e-10 .7848e-10 .8185e-11 .1715e-10 .1179e-10 .9275e-11 .6959e-10 .3979e-10 .2168e-10 .5074e-10 .7153e-10 .1806e-10 .1344e-10 .1097e-10 .8997e-11 .7257e-10 .5700e-10 .4754e-10 .4023e-10 .3388e-10 .2425e-10 .2114e-10 .1841e-10 .1694e-10 .1561e-10 .1474e-10 .1429e-10 .1377e-10 .1263e-10 .1160e-10 .1078e-10