 70     645.454030
 72     663.035501
 74     680.712326
 76     698.491083
 78     716.365195
 80     734.341237
 82     752.412635
 84     770.585964
 86     788.857935
 88     807.228550
 90     825.697808
 92     844.268997
 94     862.938828
 96     881.707303
 98     900.577709
100     919.546758
102     938.617738
104     957.787361
106     977.058915
108     996.432400
110    1015.904528
112    1035.478588
114    1055.154578
116    1074.929212
118    1094.809064
120    1114.787560
122    1134.871274
124    1155.053632
126    1175.337921
128    1195.727429
130    1216.215580
132    1236.808951
134    1257.504252
136    1278.304773
138    1299.203936
140    1320.208319
142    1341.314633
144    1362.526166
146    1383.842918
148    1405.258314
150    1426.782216
152    1448.408050
154    1470.135815
156    1491.972087
158    1513.910290
160    1535.953712
162    1558.102354
164    1580.352927
166    1602.712007
168    1625.173018
170    1647.742536
172    1670.417274
174    1693.193943
176    1716.079119
178    1739.069514
180    1762.165128
182    1785.369250
184    1808.678591
186    1832.093151
188    1855.616218
190    1879.244505
192    1902.981299
194    1926.823312
196    1950.773832
198    1974.829572
200    1998.993819
202    2023.266573
204    2047.644546
206    2072.134315
208    2096.729303
210    2121.432798
212    2146.244801
214    2171.165311
216    2196.194328
218    2221.331853
220    2246.577884
222    2271.932424
224    2297.398758
226    2322.973600
228    2348.656949
230    2374.452094
232    2400.352457
234    2426.367904
236    2452.488571
238    2478.721033
240    2505.068578
242    2531.521342
244    2558.085902
246    2584.758969
248    2611.547120
250    2638.443778
252    2665.452232
254    2692.572480
256    2719.804525
258    2747.148364
260    2774.600711
262    2802.168141
264    2829.847367
266    2857.638389
268    2885.541205
270    2913.559105
272    2941.685513
274    2969.927003
276    2998.283578
278    3026.748660
280    3055.328825
282    3084.024073
284    3112.831118
286    3141.753245
288    3170.787168
290    3199.936175
292    3229.196977
294    3258.576150
296    3288.100000
298    3317.673171
300    3347.394307
302    3377.230527
304    3407.178541
306    3437.244928
308    3467.426398
310    3497.722951
312    3528.134588
314    3558.661308
316    3589.306400
318    3620.063288
320    3650.938547
322    3681.932177
324    3713.040892
326    3744.264689
328    3775.603570
330    3807.064111
332    3838.639735
334    3870.333731
336    3902.142811
338    3934.066974
340    3966.112796
342    3998.273702
344    4030.556268
346    4062.953917
348    4095.469938
350    4128.104331
352    4160.857095
354    4193.731519
356    4226.721026
358    4259.828905
360    4293.058444
362    4326.406354
364    4359.869347
366    4393.457289
368    4427.163602
370    4460.988287
372    4494.931343
374    4528.996059
376    4563.182435
378    4597.490470
380    4631.913589
382    4666.461656
384    4701.131382
386    4735.919480
388    4770.825950
390    4805.860655
392    4841.010444
394    4876.285181
396    4911.678289
398    4947.196346
400    4982.836062
402    5018.597437
404    5054.480472
406    5090.485167
408    5126.611522
410    5162.862825
412    5199.235787
414    5235.733697
416    5272.353266
418    5309.094496
420    5345.960673
422    5382.948510
424    5420.061295
426    5457.299027
428    5494.658419
430    5532.146048
432    5569.755335
434    5607.486283
436    5645.345466
438    5683.326309
440    5721.435388
442    5759.666127
444    5798.025102
446    5836.505736
448    5875.114606
450    5913.848424
452    5952.707190
454    5991.690903
456    6030.806141
458    6070.039750
460    6109.404884
462    6148.894964
464    6188.509993
466    6228.253258
468    6268.121471
470    6308.121207
472    6348.242603
474    6388.495523
476    6428.873391
478    6469.379495
480    6510.013835
482    6550.776411
484    6591.663934
486    6632.682982
488    6673.826977
490    6715.102496
492    6756.506252
494    6798.038243
496    6839.698470
498    6881.486933
500    6923.403631
502    6957.277638
504    6998.832645
506    7040.506025
508    7082.297776
510    7124.207898
512    7166.236393
514    7208.379970
516    7250.641920
518    7293.022240
520    7335.520933
522    7378.137997
524    7420.870145
526    7463.720664
528    7506.689555
530    7549.776817
532    7592.982451
534    7636.303169
536    7679.745546
538    7723.303006
540    7766.978839
542    7810.773043
544    7854.685618
546    7898.713277
548    7942.859308
550    7987.123710
552    8031.509772
554    8076.010917
556    8120.627146
558    8165.365035
560    8210.221295
562    8255.192639
564    8300.282354
566    8345.490441
568    8390.816899
570    8436.258441
572    8481.821643
574    8527.503216
576    8573.299873
578    8619.218190
580    8665.248302
582    8711.403361
584    8757.673504
586    8804.058731
588    8850.565618
590    8897.190876
592    8943.931217
594    8990.793218
596    9037.770303
598    9084.865759
600    9132.079587
602    9179.411787
604    9226.862358
606    9274.431301
608    9322.118615
610    9369.921013
612    9417.845070
614    9465.884211
616    9514.041724
618    9562.320896
620    9610.715152
622    9659.231067
624    9707.858778
626    9756.608149
628    9805.475891
630    9854.465293
632    9903.566490
634    9952.789347
636   10002.130576
638   10051.590176
640   10101.168148
642   10150.861203
644   10200.675918
646   10250.605717
648   10300.657175
650   10350.823717
652   10401.111918
654   10451.518491
656   10502.040147
658   10552.680175
660   10603.438575
662   10654.318635
664   10705.313777
666   10756.430580
668   10807.662466
670   10859.016012
672   10910.484641
674   10962.071642
676   11013.777015
678   11065.600759
680   11117.546163
682   11169.606650
684   11221.788797
686   11274.086027
688   11326.501629
690   11379.035603
692   11431.691237
694   11484.461954
696   11537.354330
698   11590.361790
700   11643.490910
702   11696.738401
704   11750.100976
706   11803.585211
708   11857.184529
710   11910.905507
712   11964.741568
714   12018.699289
716   12072.775382
718   12126.969846
720   12181.282682
722   12235.710601
724   12290.263468
726   12344.931419
728   12399.717741
730   12454.625723
732   12509.645500
734   12564.790225
736   12620.053322
738   12675.431502
740   12730.928054
742   12786.546265
744   12842.282848
746   12898.137803
748   12954.111129
750   13010.202827
752   13066.412897
754   13122.741338
756   13179.188151
758   13235.753335
760   13292.440179
762   13349.245395
764   13406.165694
766   13463.210941
768   13520.367983
770   13577.646685
772   13635.043759
774   13692.562492
776   13750.196309
778   13807.948497
780   13865.825633
782   13923.814565
784   13981.925156
786   14040.154119
788   14098.501453
790   14156.970448
792   14215.554525
794   14274.260263
796   14333.081084
798   14392.023564
800   14451.087705
802   14510.266928
804   14569.564524
806   14628.980491
808   14688.518117
810   14748.174116
812   14807.948486
814   14867.841227
816   14927.855628
818   14987.988401
820   15048.236258
822   15108.605773
824   15169.093661
826   15229.703208
828   15290.427839
830   15351.270842
832   15412.235504
834   15473.318537
836   15534.523231
838   15595.843008
840   15657.284444
842   15718.840964
844   15780.522432
846   15842.318984
848   15904.233907
850   15966.270489
852   16028.425444
854   16090.698770
856   16153.090467
858   16215.603824
860   16278.235553
862   16340.985653
864   16403.854125
866   16466.840969
868   16529.949472
870   16593.176347
872   16656.521594
874   16719.988500
876   16783.570490
878   16847.274139
880   16911.096160
882   16975.039841
884   17039.101893
886   17103.282317
888   17167.581113
890   17231.998280
892   17296.537106
894   17361.194305
896   17425.973163
898   17490.867105
900   17555.882706
902   17621.016679
904   17686.269023
906   17751.643027
908   17817.135403
910   17882.746151
912   17948.478558
914   18014.326048
916   18080.298487
918   18146.386009
920   18212.595190
922   18278.922743
924   18345.368668
926   18411.936253
928   18478.622209
930   18545.426536
932   18612.352524
934   18679.393595
936   18746.559614
938   18813.840716
940   18881.243478
942   18948.767899
944   19016.407404
946   19084.168569
948   19152.048105
950   19220.046013
952   19288.165581
954   19356.406809
956   19424.763119
958   19493.241090
960   19561.840720
962   19630.555434
964   19699.391808
966   19768.346553
968   19837.422958
970   19906.617734
972   19975.930882
974   20045.365690
976   20114.918869
978   20184.593708
980   20254.386919
982   20324.298501
984   20394.328455
986   20464.483356
988   20534.753341
990   20605.144986
992   20675.655002
994   20746.283390
996   20817.033438
998   20887.905146
1000   20958.895225
1002   21030.003675
1004   21101.230497
1006   21172.582267
1008   21244.049121
1010   21315.637634
1012   21387.344519
1014   21459.173063
1016   21531.119979
1018   21603.185267
1020   21675.372215
1022   21747.680822
1024   21820.104512
1026   21892.653151
1028   21965.316873
1030   22038.102254
1032   22111.006007
1034   22184.031420
1036   22257.175205
1038   22330.440649
1040   22403.827753
1042   22477.333228
1044   22550.957075
1046   22624.702582
1048   22698.563173
1050   22772.548711
1052   22846.655909
1054   22920.878190
1056   22995.222131
1058   23069.684443
1060   23144.268416
1062   23218.970760
1064   23293.794763
1066   23368.740427
1068   23443.801173
1070   23518.986868
1072   23594.290934
1074   23669.713372
1076   23745.257469
1078   23820.919938
1080   23896.700779
1082   23972.606568
1084   24048.630728
1086   24124.773259
1088   24201.037451
1090   24277.420014
1092   24353.924237
1094   24430.546831
1096   24507.291085
1098   24584.153710
1100   24661.137996
1102   24738.240653
1104   24815.468257
1106   24892.810946
1108   24970.275293
1110   25047.848149
1112   25125.575545
1114   25203.398295
1116   25281.322977
1118   25359.398912
1120   25437.573489
1122   25515.899319
1124   25594.323792
1126   25672.850197
1128   25751.524565
1130   25830.323882
1132   25909.225129
1134   25988.248037
1136   26067.399180
1138   26146.648966
1140   26226.050005
1142   26305.549687
1144   26385.174316
1146   26464.923894
1148   26544.798419
1150   26624.797892
1152   26704.899296
1154   26785.125648
1156   26865.473660
1158   26945.949907
1160   27026.547814
1162   27107.247653
1164   27188.075727
1166   27269.025461
1168   27350.100142
1170   27431.299772
1172   27512.598044
1174   27594.047569
1176   27675.599026
1178   27757.275430
1180   27839.073493
1182   27920.973488
1184   28003.024736
1186   28085.174626
1188   28167.449464
1190   28249.849250
1192   28332.347679
1194   28415.000649
1196   28497.748974
1198   28580.625534
1200   28663.623754
1202   28746.750210
1204   28829.998326
1206   28913.348373
1208   28996.823368
1210   29080.423310
1212   29164.148200
1214   29247.998039
1216   29331.949808
1218   29416.049542
1220   29500.247918
1222   29584.574531
1224   29669.022803
1226   29753.573006
1228   29838.274462
1230   29923.074561
1232   30007.999608
1234   30093.049603
1236   30178.224545
1238   30263.524435
1240   30348.922969
1242   30434.449738
1244   30520.098167
1246   30605.874831
1248   30691.773156
1250   30777.773411
1252   30863.924919
1254   30950.175070
1256   31036.550169
1258   31123.050216
1260   31209.675210
1262   31296.398848
1264   31383.273738
1266   31470.250559
1268   31557.349040
1270   31644.572469
1272   31731.897829
1274   31819.374441
1276   31906.949696
1278   31994.649900
1280   32082.475051
1282   32170.425149
1284   32258.500196
1286   32346.673886
1288   32434.998828
1290   32523.422413
1292   32611.974234
1294   32700.647715
1296   32789.449432
1298   32878.349791
1300   32967.378387
1302   33056.551659
1304   33145.823574
1306   33235.227013
1308   33324.729095
1310   33414.362701
1312   33504.127831
1314   33593.991604
1316   33683.986901
1318   33774.113722
1320   33864.372067
1322   33954.761936
1324   34045.217567
1326   34135.837603
1328   34226.556282
1330   34317.406485
1332   34408.388212
1334   34499.468582
1336   34590.680476
1338   34682.023894
1340   34773.465955
1342   34865.039540
1344   34956.744649
1346   35048.548401
1348   35140.483677
1350   35232.550477
1352   35324.715920
1354   35417.012887
1356   35509.441378
1358   35602.001393
1360   35694.660051
1362   35787.450233
1364   35880.339058
1366   35973.392288
1368   36066.544161
1370   36159.794677
1372   36253.209598
1374   36346.723162
1376   36440.335369
1378   36534.111981
1380   36627.987236
1382   36721.961134
1384   36816.099437
1386   36910.336383
1388   37004.704853
1390   37099.171966
1392   37193.803484
1394   37288.533645
1396   37383.362449
1398   37478.322777
1400   37573.414629
1402   37668.638005
1404   37763.960024
1406   37859.413567
1408   37954.998634
1410   38050.682344
1412   38146.497578
1414   38242.444336
1416   38338.489737
1418   38434.666662
1420   38531.007992
1422   38627.415084
1424   38723.953700
1426   38820.623840
1428   38917.425504
1430   39014.325811
1432   39111.357642
1434   39208.488116
1436   39305.782995
1438   39403.176517
1440   39500.701563
1442   39598.358133
1444   39696.113346
1446   39793.967202
1448   39891.985463
1450   39990.102367
1452   40088.350795
1454   40186.730747
1456   40285.209342
1458   40383.819461
1460   40482.561104
1462   40581.401390
1464   40680.373200
1466   40779.476534
1468   40878.711392
1470   40978.044893
1472   41077.509918
1474   41177.106467
1476   41276.801659
1478   41376.628375
1480   41476.586615
1482   41576.643498
1484   41676.831905
1486   41777.151836
1488   41877.570410
1490   41978.153389
1492   42078.835011
1494   42179.615276
1496   42280.559946
1498   42381.570378
1500   42482.745215
1502   43090.583381
1504   43194.059888
1506   43297.733681
1508   43401.473236
1510   43505.377196
1512   43609.379799
1514   43713.513926
1516   43817.812458
1518   43922.209633
1520   44026.738332
1522   44131.365674
1524   44236.157421
1526   44341.047811
1528   44446.069725
1530   44551.256044
1532   44656.508125
1534   44761.957492
1536   44867.472621
1538   44973.152155
1540   45078.963213
1542   45184.872914
1544   45290.914139
1546   45397.086888
1548   45503.391161
1550   45609.826958
1552   45716.361398
1554   45823.060243
1556   45929.857731
1558   46036.786743
1560   46143.880160
1562   46251.039339
1564   46358.362923
1566   46465.818031
1568   46573.404663
1570   46681.089938
1572   46788.939618
1574   46896.887941
1576   47004.934907
1578   47113.179159
1580   47221.489173
1582   47329.963592
1584   47438.536654
1586   47547.274121
1588   47656.110231
1590   47765.077865
1592   47874.177023
1594   47983.407705
1596   48092.769911
1598   48202.263641
1600   48311.856014
1602   48421.612792
1604   48531.435332
1606   48641.455158
1608   48751.573627
1610   48861.790739
1612   48972.172256
1614   49082.685297
1616   49193.296981
1618   49304.073070
1630   49971.261441
1632   50082.925317
1634   50194.687836
1636   50306.614760
1638   50418.607446
1640   50530.764537
1642   50643.086033
1644   50755.473291
1646   50868.024954
1648   50980.675260
1650   51093.457090
1652   51206.403325
1654   51319.448203
1656   51432.624605
1658   51545.932531
1660   51659.371981
1662   51772.910074
1664   51886.612572
1666   52000.446594
1668   52114.379259
1670   52228.443448
1672   52342.639161
1674   52456.966398
1676   52571.425159
1678   52686.012156
1680   52800.737253
1682   52915.557705
1684   53030.509681
1686   53145.622774
1688   53260.837798
1690   53376.190922
1692   53491.662418
1694   53607.272014
1696   53723.013134
1698   53838.885778
1700   53954.860353
1702   54070.966452
1704   54187.227092
1706   54303.596239
1708   54420.090334
1710   54536.722529
1712   54653.479672
1714   54770.374915
1716   54887.365513
1718   55004.517228
1720   55121.807043
1722   55239.192213
1724   55356.708907
1726   55474.357125
1728   55592.136867
1730   55710.048133
1732   55828.090923
1734   55946.229068
1736   56064.534906
1738   56182.975556
1740   56301.511561
1742   56420.215259
1744   56539.011024
1746   56657.905432
1748   56777.003702
1750   56896.161158
1752   57015.492883
1754   57134.946268
1756   57254.531177
1758   57374.224593
1760   57494.042957
1762   57614.022438
1764   57734.103850
1766   57854.316786
1768   57974.661246
1770   58095.140518
1772   58215.708569
1774   58336.480482
1776   58457.321445
1778   58578.293932
1780   58699.420960
1782   58820.656495
1784   58942.016978
1786   59063.518849
1788   59185.142380
1790   59306.904011
1792   59428.790590
1794   59550.811981
1796   59672.928727
1798   59795.219742
1800   59917.632417
1802   60040.147023
1804   60162.796441
1806   60285.574095
1808   60408.476697
1810   60531.517399
1812   60654.692913
1814   60777.996663
1816   60901.431937
1818   61024.965854
1820   61148.664176
1822   61272.457853
1824   61396.389630
1826   61520.479236
1828   61644.674061
1830   61768.997122
1832   61893.448419
1834   62018.041104
1836   62142.755449
1838   62267.571725
1840   62392.552406
1842   62517.631730
1844   62642.875459
1846   62768.217831
1848   62893.691727
1850   63019.330028
1852   63145.030803
1854   63270.932152
1856   63396.935432
1858   63523.037355
1860   63649.297107
1862   63775.691671
1864   63902.184878
1866   64028.842490
1868   64155.628338
1870   64282.522693
1872   64409.538708
1874   64536.689535
1876   64664.008055
1878   64791.382473
1880   64918.964041
1882   65046.611371
1884   65174.419818
1886   65302.356501
1888   65430.427996
1890   65558.601422
1892   65686.935965
1894   65815.365863
1896   65943.963454
1898   66072.662976
1900   66201.484158
1902   66330.446728
1904   66459.534246
1906   66588.759864
1908   66718.110430
1910   66847.599096
1912   66977.183117
1914   67106.934831
1916   67236.811493
1918   67366.790086
1920   67496.929796
1922   67627.171437
1924   67757.544602
1926   67888.088748
1928   68018.685504
1930   68149.492698
1932   68280.385383
1934   68411.386575
1936   68542.548884
1938   68673.846005
1940   68805.231905
1942   68936.792074
1944   69068.480479
1946   69200.267527
1948   69332.218980
1950   69464.265788
1952   69596.483577
1954   69728.793433
1956   69861.244677
1958   69993.817581
1960   70126.525297
1962   70259.361249
1964   70392.338589
1966   70525.437589
1968   70658.641808
1970   70792.003856
1972   70925.500716
1974   71059.099507
1976   71192.856127
1978   71326.717966
1980   71460.740922
1982   71594.859233
1984   71729.112356
1986   71863.500291
1988   71998.013174
1990   72132.660869
1992   72267.436800
1994   72402.383712
1996   72537.389810
1998   72672.566889
2000   72807.868916
2002   72943.312331
2004   73078.844525
2006   73214.544412
2008   73350.339654
2010   73486.309165
2012   73622.370743
2014   73758.563845
2016   73894.918064
2018   74031.374214
2020   74167.961888
2022   74304.713967
2024   74441.535096
2026   74578.510766
2028   74715.657417
2030   74852.905999
2032   74990.253224
2034   75127.754990
2036   75265.398144
2038   75403.139941
2040   75541.039567
2042   75679.074005
2044   75817.207086
2046   75955.507860
2048   76093.900701
2050   76232.457947
2052   76371.123700
2054   76509.911113
2056   76648.833338
2058   76787.887087
2060   76927.108529
2062   77066.385869
2064   77205.834190
2066   77345.450204
2068   77485.164861
2070   77625.007754
2072   77764.942714
2074   77905.048655
2076   78045.256527
2078   78185.658397
2080   78326.129317
2082   78466.754778
2084   78607.488746
2086   78748.387119
2088   78889.377559
2090   79030.535692
2092   79171.789180
2094   79313.213649
2096   79454.733473
2098   79596.388109
2100   79738.167693
2102   79880.082089
2104   80022.124721
2106   80164.338334
2108   80306.614421
2110   80449.087794
2112   80591.626929
2114   80734.330469
2116   80877.165533
2118   81020.128833
2120   81163.226945
2122   81306.456581
2124   81449.788148
2126   81593.280832
2128   81736.875447
2130   81880.624603
2132   82024.482266
2134   82168.501046
2136   82312.615181
2138   82456.900297
2140   82601.313649
2142   82745.822356
2144   82890.469163
2146   83035.244206
2148   83180.183654
2150   83325.221745
2152   83470.388072
2154   83615.692499
2156   83761.125162
2158   83906.689349
2160   84052.381772
2162   84198.215583
2164   84344.171054
2166   84490.261337
2168   84636.483144
2170   84782.836475
2172   84929.321330
2174   85075.937709
2176   85222.685612
2178   85369.535446
2180   85516.546397
2182   85663.688872
2184   85810.956295
2186   85958.332225
2188   86105.869272
2190   86253.541131
2192   86401.305057
2194   86549.236676
2196   86697.266938
2198   86845.461605
2200   86993.754915
2202   87142.212630
2204   87290.768988
2206   87439.453582
2208   87588.309157
2210   87737.260087
2212   87886.339253
2214   88035.559807
2216   88184.934902
2218   88334.411928
2220   88484.017190
2222   88633.757264
2224   88783.628862
2226   88933.671441
2228   89083.806087
2230   89234.072257
2232   89384.469951
2234   89534.992593
2236   89685.653335
2238   89836.478482
2240   89987.402272
2242   90138.460874
2244   90289.618119
2246   90440.929905
2248   90592.383079
2250   90743.967777
2252   90895.674135
2254   91047.521881
2256   91199.501151
2258   91351.605369
2260   91503.808230
2262   91656.182072
2264   91808.680862
2266   91961.317752
2268   92114.082878
2270   92266.982816
2272   92420.007702
2274   92573.134519
2276   92726.422453
2278   92879.812318
2280   93033.373164
2282   93187.055670
2284   93340.840107
2286   93494.788949
2288   93648.869315
2290   93803.077917
2292   93957.391738
2294   94111.833795
2296   94266.440257
2298   94421.178243
2300   94576.018160
2302   94731.019194
2304   94886.151752
2306   95041.409258
2308   95196.775271
2310   95352.272808
2312   95507.924886
2314   95663.685471
2316   95819.610461
2318   95975.657111
2320   96131.812268
2322   96288.125254
2324   96444.543459
2326   96601.089900
2328   96757.804034
2330   96914.610235
2332   97071.587417
2334   97228.656666
2336   97385.893608
2338   97543.265362
2340   97700.729183
2342   97858.360697
2344   98016.090854
2346   98173.988704
2348   98331.981909
2350   98490.136231
2352   98648.392484
2354   98806.813142
2356   98965.332443
2358   99123.983268
2360   99282.798498
2362   99441.712371
2364   99600.761056
2366   99759.970858
2368   99919.312184
2370   100078.745577
2372   100238.349951
2374   100398.056256
2376   100557.894085
2378   100717.886455
2380   100877.987332
2382   101038.249326
2384   101198.606675
2386   101359.135005
2388   101519.761978
2390   101680.546780
2392   101841.436801
2394   102002.481363
2396   102163.637720
2398   102324.948618
2400   102486.394328
2402   102647.938681
2404   102809.650727
2406   102971.487721
2408   103133.426646
2410   103295.533264
2412   103457.735237
2414   103620.098327
2416   103782.563348
2418   103945.189486
2420   104107.957012
2422   104270.816605
2424   104433.837315
2426   104596.992837
2428   104760.279883
2430   104923.665572
2432   105087.215666
2434   105250.897284
2436   105414.710426
2438   105578.622211
2440   105742.698401
2442   105906.899539
2444   106071.215760
2446   106235.679946
2448   106400.285520
2450   106565.025906
2452   106729.878088
2454   106894.884810
2456   107060.013192
2458   107225.269810
2460   107390.661240
2462   107556.180906
2464   107721.799215
2466   107887.621386
2468   108053.515895
2470   108219.561657
2472   108385.768536
2474   108552.077346
2476   108718.527544
2478   108885.099402
2480   109051.809360
2482   109218.683723
2484   109385.656729
2486   109552.754683
2488   109719.980873
2490   109887.341875
2492   110054.880434
2494   110222.507772
2496   110390.260058
2498   110558.186613
2500   110726.211811
2502   110894.365245
2504   111062.683084
2506   111231.099566
2508   111399.677165
2510   111568.356695
2512   111737.200630
2514   111906.143208
2516   112075.250191
2518   112244.455817
2520   112413.825848
2522   112583.333979
2524   112752.967058
2526   112922.685628
2528   113092.558738
2530   113262.579813
2532   113432.738988
2534   113603.036263
2536   113773.461774
2538   113944.008945
2540   114114.694216
2542   114285.507723
2544   114456.456042
2546   114627.532597
2548   114798.747252
2550   114970.096719
2552   115141.561270
2554   115313.203378
2556   115484.917824
2558   115656.783523
2560   115828.810339
2562   116000.978543
2564   116173.245390
2566   116345.637185
2568   116518.167080
2570   116690.848228
2572   116863.680628
2574   117036.598519
2576   117209.680815
2578   117382.865042
2580   117556.223538
2582   117729.667525
2584   117903.279205
2586   118077.025697
2588   118250.860968
2590   118424.896813
2592   118599.044453
2594   118773.303889
2596   118947.678408
2598   119122.204180
2600   119296.868052
2602   119471.666736
2604   119646.593656
2606   119821.684981
2608   119996.871661
2610   120172.199729
2612   120347.679050
2614   120523.230709
2616   120698.986230
2618   120874.827242
2620   121050.845811
2622   121226.989328
2624   121403.231488
2626   121579.638053
2628   121756.143261
2630   121932.812874
2632   122109.607435
2634   122286.517079
2636   122463.614145
2638   122640.770397
2640   122818.094342
2642   122995.553099
2644   123173.149956
2646   123350.875049
2648   123528.721802
2650   123706.709943
2652   123884.859201
2654   124063.110390
2656   124241.486527
2658   124420.023781
2660   124598.676118
2662   124777.476420
2664   124956.378653
2666   125135.458443
2668   125314.623724
2670   125493.953410
2672   125673.417908
2674   125852.984337
2676   126032.702019
2678   126212.570953
2680   126392.551683
2682   126572.683665
2684   126752.927443
2686   126933.348778
2688   127113.868756
2690   127294.513682
2692   127475.299996
2694   127656.207970
2696   127837.280349
2698   128018.451371
2700   128199.799950
2702   128381.237308
2704   128562.835783
2706   128744.572358
2708   128926.437169
2710   129108.436792
2712   129290.561363
2714   129472.787865
2716   129655.201789
2718   129837.730796
2720   130020.381463
2722   130203.173518
2724   130386.090521
2726   130569.132472
2728   130752.348692
2730   130935.666843
2732   131119.132959
2734   131302.714158
2736   131486.446610
2738   131670.313874
2740   131854.322526
2742   132038.456126
2744   132222.688369
2746   132407.085017
2748   132591.619765
2750   132776.302478
2752   132961.100274
2754   133146.023018
2756   133331.073998
2758   133516.259790
2760   133701.609987
2762   133887.058827
2764   134072.672072
2766   134258.423417
2768   134444.260253
2770   134630.261494
2772   134816.400835
2774   135002.681564
2776   135189.083953
2778   135375.611290
2780   135562.276727
2782   135749.106569
2784   135935.998885
2786   136123.091775
2788   136310.322765
2790   136497.642534
2792   136685.136572
2794   136872.719389
2796   137060.463323
2798   137248.348645
2800   137436.368779
2802   137624.513861
2804   137812.787179
2806   138001.198597
2808   138189.731675
2810   138378.406141
2812   138567.205555
2814   138756.179238
2816   138945.277869
2818   139134.465279
2820   139323.830246
2822   139513.330025
2824   139702.921871
2826   139892.711003
2828   140082.562609
2830   140272.578620
2832   140462.732731
2834   140653.047959
2836   140843.465118
2838   141034.007225
2840   141224.713737
2842   141415.555061
2844   141606.498316
2846   141797.605976
2848   141988.802415
2850   142180.209292
2852   142371.704948
2854   142563.338704
2856   142755.057951
2858   142946.958043
2860   143139.015964
2862   143331.202121
2864   143523.486921
2866   143715.913109
2868   143908.497126
2870   144101.186362
2872   144294.059732
2874   144487.012016
2876   144680.151722
2878   144873.350614
2880   145066.730351
2882   145260.267917
2884   145453.933719
2886   145647.701452
2888   145841.643454
2890   146035.670947
2892   146229.826676
2894   146424.156674
2896   146618.611620
2898   146813.204666
2900   147007.962117
2902   147202.808347
2904   147397.789389
2906   147592.911819
2908   147788.195366
2910   147983.564404
2912   148179.110999
2914   148374.759525
2916   148570.559304
2918   148766.530064
2920   148962.606043
2922   149158.803682
2924   149355.142709
2926   149551.603396
2928   149748.228488
2930   149944.955511
2932   150141.843651
2934   150338.833722
2936   150535.988198
2938   150733.277486
2940   150930.695010
2942   151128.247346
2944   151325.950935
2946   151523.730150
2948   151721.713227
2950   151919.791659
2952   152118.024632
2954   152316.392417
2956   152514.901590
2958   152713.532423
2960   152912.304644
2962   153111.198525
2964   153310.220642
2966   153509.394011
2968   153708.679176
2970   153908.138610
2972   154107.722992
2974   154307.409305
2976   154507.260023
2978   154707.248841
2980   154907.359319
2982   155107.637490
2984   155308.011016
2986   155508.512778
2988   155709.152640
2990   155909.966771
2992   156110.895986
2994   156311.936996
2996   156513.129259
2998   156714.456334
3000   156915.964254
