 70      62.549938
 72      64.334456
 74      66.118974
 76      67.903492
 78      69.688010
 80      71.475397
 82      73.259915
 84      75.044433
 86      76.828951
 88      78.613469
 90      80.400856
 92      82.185374
 94      83.969892
 96      85.757279
 98      87.544666
100      89.332053
102      91.119440
104      92.909696
106      94.697083
108      96.490208
110      98.280464
112     100.070720
114     101.860976
116     103.654101
118     105.450095
120     107.243220
122     109.039214
124     110.838077
126     112.639809
128     114.441541
130     116.246142
132     118.050743
134     119.861082
136     121.668552
138     123.481760
140     125.297837
142     127.116783
144     128.935729
146     130.760413
148     132.587966
150     134.418388
152     136.251679
154     138.087839
156     139.929737
158     141.774504
160     143.622140
162     145.472645
164     147.331757
166     149.190869
168     151.055719
170     152.926307
172     154.799764
174     156.681828
176     158.566761
178     160.457432
180     162.353841
182     164.255988
184     166.163873
186     168.077496
188     169.996857
190     171.924825
192     173.858531
194     175.797975
196     177.746026
198     179.699815
200     181.659342
202     183.627476
204     185.604217
206     187.586696
208     189.577782
210     191.574606
212     193.582906
214     195.599813
216     197.622458
218     199.653710
220     201.693569
222     203.742035
224     205.799108
226     207.867657
228     209.944813
230     212.027707
232     214.122077
234     216.227923
236     218.339507
238     220.465436
240     222.597103
242     224.743115
244     226.894865
246     229.060960
248     231.232793
250     233.418971
252     235.616625
254     237.822886
256     240.040623
258     242.269836
260     244.510525
262     246.759821
264     249.023462
266     251.301448
268     253.588041
270     255.886110
272     258.195655
274     260.519545
276     262.854911
278     265.201753
280     267.560071
282     269.932734
284     272.319742
286     274.715357
288     277.125317
290     279.549622
292     281.985403
294     284.435529
296     286.900000
298     289.375947
300     291.866239
302     294.368007
304     296.886989
306     299.417447
308     301.962250
310     304.521398
312     307.094891
314     309.682729
316     312.284912
318     314.898571
320     317.529444
322     320.174662
324     322.837094
326     325.511002
328     328.202124
330     330.907591
332     333.627403
334     336.364429
336     339.115800
338     341.884385
340     344.667315
342     347.464590
344     350.279079
346     353.110782
348     355.959699
350     358.820092
352     361.700568
354     364.595389
356     367.510293
358     370.436673
360     373.383136
362     376.343944
364     379.324835
366     382.320071
368     385.332521
370     388.362185
372     391.411932
374     394.476024
376     397.557330
378     400.658719
380     403.774453
382     406.910270
384     410.063301
386     413.236415
388     416.426743
390     419.634285
392     422.861910
394     426.106749
396     429.368802
398     432.653807
400     435.953157
402     439.272590
404     442.612106
406     445.968836
408     449.345649
410     452.742545
412     456.159524
414     459.593717
416     463.047993
418     466.522352
420     470.013925
422     473.528450
424     477.063058
426     480.614880
428     484.189654
430     487.781642
432     491.396582
434     495.031605
436     498.689580
438     502.364769
440     506.062910
442     509.781134
444     513.519441
446     517.277831
448     521.062042
450     524.863467
452     528.687844
454     532.535173
456     536.402585
458     540.290080
460     544.200527
462     548.133926
464     552.090277
466     556.066711
468     560.066097
470     564.088435
472     568.130856
474     572.199098
476     576.287423
478     580.401569
480     584.535798
482     588.692979
484     592.875981
486     597.081935
488     601.307972
490     605.559830
492     609.837509
494     614.135271
496     618.458854
498     622.805389
500     627.174876
502     631.573053
504     635.991313
506     640.435394
508     644.905296
510     649.398150
512     653.916825
514     658.461321
516     663.028769
518     667.622038
520     672.243997
522     676.886039
524     681.556771
526     686.253324
528     690.972829
530     695.721024
532     700.492171
534     705.292008
536     710.117666
538     714.966276
540     719.843576
542     724.746697
544     729.678508
546     734.636140
548     739.619593
550     744.628867
552     749.666831
554     754.733485
556     759.825960
558     764.947125
560     770.094111
562     775.269787
564     780.474153
566     785.704340
568     790.963217
570     796.250784
572     801.567041
574     806.911988
576     812.288494
578     817.687952
580     823.118969
582     828.578676
584     834.069942
586     839.587029
588     845.135675
590     850.713011
592     856.319037
594     861.956622
596     867.622897
598     873.320731
600     879.044386
602     884.802469
604     890.589242
606     896.407574
608     902.257465
610     908.136046
612     914.046186
614     919.987885
616     925.961143
618     931.965960
620     937.999467
622     944.067402
624     950.166896
626     956.295080
628     962.457692
630     968.651863
632     974.877593
634     981.134882
636     987.423730
638     993.744137
640    1000.098972
642    1006.485366
644    1012.906188
646    1019.355700
648    1025.842509
650    1032.363746
652    1038.913673
654    1045.500897
656    1052.122549
658    1058.775760
660    1065.466268
662    1072.191204
664    1078.950568
666    1085.744360
668    1092.572580
670    1099.438097
672    1106.338042
674    1113.272415
676    1120.241216
678    1127.247314
680    1134.290709
682    1141.368532
684    1148.483652
686    1155.636069
688    1162.825783
690    1170.049925
692    1177.314233
694    1184.612969
696    1191.949002
698    1199.322332
700    1206.732959
702    1214.180883
704    1221.663235
706    1229.185753
708    1236.745568
710    1244.342680
712    1251.977089
714    1259.648795
716    1267.360667
718    1275.106967
720    1282.893433
722    1290.720065
724    1298.583994
726    1306.485220
728    1314.426612
730    1322.408170
732    1330.427025
734    1338.486046
736    1346.585233
738    1354.724586
740    1362.904105
742    1371.120921
744    1379.380772
746    1387.680789
748    1396.020972
750    1404.401321
752    1412.821836
754    1421.282517
756    1429.786233
758    1438.332984
760    1446.917032
762    1455.544115
764    1464.211364
766    1472.918779
768    1481.672098
770    1490.465583
772    1499.302103
774    1508.181658
776    1517.104248
778    1526.072742
780    1535.084271
782    1544.138835
784    1553.239303
786    1562.385675
788    1571.577951
790    1580.819000
792    1590.103084
794    1599.430203
796    1608.806095
798    1618.225022
800    1627.689853
802    1637.197719
804    1646.754358
806    1656.354032
808    1665.999610
810    1675.691092
812    1685.422740
814    1695.200292
816    1705.023748
818    1714.893108
820    1724.808372
822    1734.772409
824    1744.782350
826    1754.838195
828    1764.939944
830    1775.090466
832    1785.286892
834    1795.534960
836    1805.826063
838    1816.165939
840    1826.554588
842    1836.992010
844    1847.478205
846    1858.013173
848    1868.596914
850    1879.232297
852    1889.916453
854    1900.649382
856    1911.433953
858    1922.270166
860    1933.158021
862    1944.100387
864    1955.094395
866    1966.140045
868    1977.237337
870    1988.383402
872    1999.583978
874    2010.836196
876    2022.137187
878    2033.492689
880    2044.899833
882    2056.355750
884    2067.866178
886    2079.422510
888    2091.030484
890    2102.690100
892    2114.401358
894    2126.164258
896    2137.981669
898    2149.853591
900    2161.780024
902    2173.758099
904    2185.790685
906    2197.877782
908    2210.022259
910    2222.221247
912    2234.477615
914    2246.791363
916    2259.159622
918    2271.585261
920    2284.068280
922    2296.605810
924    2309.200720
926    2321.853010
928    2334.562680
930    2347.329730
932    2360.154160
934    2373.038839
936    2385.980898
938    2398.983206
940    2412.042894
942    2425.162831
944    2438.340148
946    2451.574845
948    2464.869791
950    2478.224986
952    2491.637561
954    2505.107516
956    2518.640589
958    2532.231042
960    2545.881744
962    2559.586957
964    2573.352419
966    2587.175261
968    2601.061221
970    2615.007430
972    2629.013888
974    2643.083464
976    2657.210420
978    2671.403363
980    2685.653686
982    2699.969996
984    2714.346555
986    2728.786232
988    2743.289027
990    2757.854940
992    2772.483971
994    2787.176120
996    2801.931387
998    2816.752641
1000    2831.637013
1002    2846.584503
1004    2861.600849
1006    2876.680313
1008    2891.822895
1010    2907.034333
1012    2922.314627
1014    2937.655170
1016    2953.067438
1018    2968.542824
1020    2984.087066
1022    2999.697295
1024    3015.373511
1026    3031.118583
1028    3046.932511
1030    3062.812426
1032    3078.761197
1034    3094.775955
1036    3110.862438
1038    3127.017777
1040    3143.239103
1042    3159.532154
1044    3175.894061
1046    3192.324824
1048    3208.824443
1050    3225.392918
1052    3242.030249
1054    3258.739305
1056    3275.517217
1058    3292.366854
1060    3309.285347
1062    3326.269827
1064    3343.323163
1066    3360.448224
1068    3377.645010
1070    3394.916390
1072    3412.256626
1074    3429.668587
1076    3447.155142
1078    3464.716291
1080    3482.349165
1082    3500.056633
1084    3517.838695
1086    3535.698220
1088    3553.635208
1090    3571.646790
1092    3589.732966
1094    3607.896605
1096    3626.134838
1098    3644.447665
1100    3662.837955
1102    3681.302839
1104    3699.845186
1106    3718.462127
1108    3737.156531
1110    3755.928398
1112    3774.771990
1114    3793.693045
1116    3812.691563
1118    3831.770413
1120    3850.923857
1122    3870.154764
1124    3889.466003
1126    3908.857574
1128    3928.326608
1130    3947.875974
1132    3967.505672
1134    3987.212833
1136    4007.006064
1138    4026.879627
1140    4046.833522
1142    4066.870618
1144    4086.988046
1146    4107.185806
1148    4127.466767
1150    4147.828060
1152    4168.272554
1154    4188.797380
1156    4209.405407
1158    4230.093766
1160    4250.865326
1162    4271.714349
1164    4292.646573
1166    4313.659129
1168    4334.757755
1170    4355.939582
1172    4377.207479
1174    4398.558577
1176    4419.998614
1178    4441.518983
1180    4463.131160
1182    4484.826538
1184    4506.607986
1186    4528.484111
1188    4550.449175
1190    4572.500309
1192    4594.640382
1194    4616.869394
1196    4639.187345
1198    4661.594235
1200    4684.090064
1202    4706.671963
1204    4729.345670
1206    4752.105447
1208    4774.957032
1210    4797.897556
1212    4820.924150
1214    4844.039683
1216    4867.247024
1218    4890.543304
1220    4913.928523
1222    4937.408419
1224    4960.977254
1226    4984.640766
1228    5008.393217
1230    5032.240345
1232    5056.179281
1234    5080.210025
1236    5104.335446
1238    5128.555544
1240    5152.870319
1242    5177.276902
1244    5201.778162
1246    5226.376968
1248    5251.067582
1250    5275.852873
1252    5300.735710
1254    5325.713224
1256    5350.785415
1258    5375.955152
1260    5401.222435
1262    5426.581526
1264    5452.038163
1266    5477.592346
1268    5503.244075
1270    5528.996219
1272    5554.843040
1274    5580.790276
1276    5606.835058
1278    5632.983124
1280    5659.228736
1282    5685.574763
1284    5712.021205
1286    5738.568062
1288    5765.221072
1290    5791.974497
1292    5818.828337
1294    5845.785461
1296    5872.843000
1298    5900.003823
1300    5927.267930
1302    5954.635321
1304    5982.105996
1306    6009.679955
1308    6037.357198
1310    6065.137725
1312    6093.024405
1314    6121.014369
1316    6149.107617
1318    6177.307018
1320    6205.612572
1322    6234.021410
1324    6262.539270
1326    6291.163283
1328    6319.893449
1330    6348.729768
1332    6377.675109
1334    6406.729472
1336    6435.887119
1338    6465.153788
1340    6494.532348
1342    6524.017061
1344    6553.610796
1346    6583.313553
1348    6613.128201
1350    6643.054740
1352    6673.090301
1354    6703.234884
1356    6733.494227
1358    6763.865461
1360    6794.348586
1362    6824.946471
1364    6855.659116
1366    6886.483652
1368    6917.422948
1370    6948.474135
1372    6979.640082
1374    7010.917920
1376    7042.310518
1378    7073.820745
1380    7105.439994
1382    7137.176872
1384    7169.028510
1386    7200.992039
1388    7233.067459
1390    7265.260508
1392    7297.568317
1394    7329.990886
1396    7362.533953
1398    7395.191780
1400    7427.970105
1402    7460.866059
1404    7493.882511
1406    7527.016592
1408    7560.271171
1410    7593.646248
1412    7627.150430
1414    7660.775110
1416    7694.520288
1418    7728.385964
1420    7762.375007
1422    7796.487417
1424    7830.720325
1426    7865.073731
1428    7899.553373
1430    7934.153513
1432    7968.877020
1434    8003.723894
1436    8038.691266
1438    8073.779136
1440    8108.990373
1442    8144.324977
1444    8179.788686
1446    8215.372893
1448    8251.086205
1450    8286.925753
1452    8322.891537
1454    8358.986426
1456    8395.207551
1458    8431.557781
1460    8468.037116
1462    8504.648425
1464    8541.391708
1466    8578.261227
1468    8615.262720
1470    8652.396187
1472    8689.658759
1474    8727.053305
1476    8764.579825
1478    8802.235450
1480    8840.025918
1482    8877.948360
1484    8916.002776
1486    8954.189166
1488    8992.507530
1490    9030.960737
1492    9069.545918
1494    9108.268811
1496    9147.123678
1498    9186.116257
1500    9225.240810
1502    9264.503075
1504    9303.900183
1506    9343.437872
1508    9383.107535
1510    9422.917779
1512    9462.865735
1514    9502.951403
1516    9543.174783
1518    9583.538744
1520    9624.037548
1522    9664.679802
1524    9705.459768
1526    9746.377446
1528    9787.438574
1530    9828.637414
1532    9869.979704
1534    9911.459706
1536    9953.077420
1538    9994.832846
1540   10036.728853
1542   10078.768310
1544   10120.951217
1546   10163.280443
1548   10205.753119
1550   10248.372114
1552   10291.137428
1554   10334.051930
1556   10377.115620
1558   10420.325629
1560   10463.687695
1562   10507.224770
1564   10550.911033
1566   10594.746484
1568   10638.731123
1570   10682.867819
1572   10727.150834
1574   10771.585906
1576   10816.167297
1578   10860.897876
1580   10905.774774
1582   10950.800860
1584   10995.976134
1586   11041.280513
1588   11086.713997
1590   11132.299538
1592   11178.034267
1594   11223.918184
1596   11269.954158
1598   11316.142189
1600   11362.485146
1602   11408.983029
1604   11455.638707
1606   11502.449311
1608   11549.417710
1610   11596.543904
1612   11643.870928
1614   11691.358616
1616   11739.004099
1618   11786.810246
1620   11834.771319
1622   11882.890187
1624   11931.166850
1626   11979.598439
1628   12028.187823
1630   12076.932133
1632   12125.831369
1634   12174.885531
1636   12224.065929
1638   12273.372563
1640   12322.836992
1642   12372.459216
1644   12422.239235
1646   12472.179918
1648   12522.284134
1650   12572.549014
1652   12622.983165
1654   12673.580849
1656   12724.347804
1658   12775.284030
1660   12826.389527
1662   12877.710199
1664   12929.203011
1666   12980.867963
1668   13032.707924
1670   13084.717156
1672   13136.901397
1674   13189.257778
1676   13241.789168
1678   13294.489829
1680   13347.365499
1682   13400.413309
1684   13453.633259
1686   13507.019611
1688   13560.572365
1690   13614.300128
1692   13668.200031
1694   13722.274943
1696   13776.524864
1698   13830.952663
1700   13885.552602
1702   13940.330419
1704   13995.288983
1706   14050.419687
1708   14105.734007
1710   14161.223336
1712   14216.904888
1714   14272.767187
1716   14328.807364
1718   14385.028288
1720   14441.427090
1722   14498.006639
1724   14554.764066
1726   14611.699371
1728   14668.818292
1730   14726.112222
1732   14783.586899
1734   14841.239454
1736   14899.058411
1738   14957.043770
1740   15015.212745
1742   15073.559598
1744   15132.090067
1746   15190.807021
1748   15249.704722
1750   15308.791777
1752   15368.062448
1754   15427.522473
1756   15487.171852
1758   15547.010585
1760   15607.041541
1762   15667.290541
1764   15727.731764
1766   15788.362341
1768   15849.188010
1770   15910.203033
1772   15971.413148
1774   16032.812617
1776   16094.404309
1778   16156.188224
1780   16218.164362
1782   16280.332723
1784   16342.693307
1786   16405.237507
1788   16467.968192
1790   16530.893969
1792   16594.011969
1794   16657.322192
1796   16720.827507
1798   16784.527914
1800   16848.420544
1802   16912.514004
1804   16976.799687
1806   17041.283331
1808   17105.964936
1810   17170.844502
1812   17235.922029
1814   17301.200386
1816   17366.676704
1818   17432.350983
1820   17498.228961
1822   17564.304900
1824   17630.584538
1826   17697.065006
1828   17763.749173
1830   17830.634170
1832   17897.722866
1834   17965.018130
1836   18032.517093
1838   18100.219755
1840   18168.128985
1842   18236.241914
1844   18304.564280
1846   18373.093214
1848   18441.828716
1850   18510.773655
1852   18579.925162
1854   18649.288975
1856   18718.859356
1858   18788.642043
1860   18858.634167
1862   18928.824252
1864   18999.226643
1866   19069.841340
1868   19140.671212
1870   19211.716259
1872   19282.979350
1874   19354.457616
1876   19426.153926
1878   19498.071149
1880   19570.209285
1882   19642.565465
1884   19715.148296
1886   19787.972123
1888   19861.039815
1890   19934.331289
1892   20007.843676
1894   20081.579845
1896   20155.536927
1898   20229.717791
1900   20304.116699
1902   20378.736520
1904   20453.574385
1906   20528.633163
1908   20603.909985
1910   20679.404851
1912   20755.063250
1914   20830.942562
1916   20907.042787
1918   20983.363925
1920   21059.908845
1922   21136.680416
1924   21213.675769
1926   21290.903511
1928   21368.357904
1930   21446.044686
1932   21523.963857
1934   21602.118286
1936   21680.536663
1938   21759.216119
1940   21838.130833
1942   21917.283674
1944   21996.668904
1946   22076.292261
1948   22156.145138
1950   22236.233273
1952   22316.553797
1954   22397.109579
1956   22477.894881
1958   22558.912572
1960   22640.159783
1962   22721.584872
1964   22803.242350
1966   22885.132217
1968   22967.257342
1970   23049.620594
1972   23132.219104
1974   23215.058610
1976   23298.141981
1978   23381.463479
1980   23465.031711
1982   23548.843808
1984   23632.905508
1986   23717.234025
1988   23801.835097
1990   23886.682903
1992   23971.780312
1994   24057.127324
1996   24142.726808
1998   24228.573026
2000   24314.668847
2002   24401.014271
2004   24487.609298
2006   24574.456797
2008   24661.551030
2010   24748.894866
2012   24836.476829
2014   24924.305526
2016   25012.386695
2018   25100.720336
2020   25189.303580
2022   25278.139296
2024   25367.227484
2026   25456.571013
2028   25546.164145
2030   25636.015487
2032   25726.119301
2034   25816.478456
2036   25907.092952
2038   25997.965658
2040   26089.093705
2042   26180.479962
2044   26272.124429
2046   26364.024237
2048   26456.185124
2050   26548.604221
2052   26641.284397
2054   26734.222783
2056   26827.425117
2058   26920.885661
2060   27014.610153
2062   27108.584248
2064   27202.819422
2066   27297.318544
2068   27392.084483
2070   27487.120108
2072   27582.419681
2074   27677.988940
2076   27773.825016
2078   27869.933647
2080   27966.314833
2082   28062.968574
2084   28159.894870
2086   28257.102328
2088   28354.590948
2090   28452.357861
2092   28550.400198
2094   28648.717959
2096   28747.316882
2098   28846.191229
2100   28945.343869
2102   29044.777671
2104   29144.486897
2106   29244.480154
2108   29344.751704
2110   29445.304416
2112   29546.152635
2114   29647.282016
2116   29748.695428
2118   29850.387133
2120   29952.362869
2122   30054.616898
2124   30157.154958
2126   30259.974180
2128   30363.074564
2130   30466.456110
2132   30570.121687
2134   30674.065557
2136   30778.279113
2138   30882.762355
2140   30987.526759
2142   31092.578063
2144   31197.913398
2146   31303.532764
2148   31409.441899
2150   31515.637934
2152   31622.123738
2154   31728.899311
2156   31835.967522
2158   31943.325502
2160   32050.978989
2162   32158.925114
2164   32267.166746
2166   32375.706754
2168   32484.542269
2170   32593.679029
2172   32703.111296
2174   32812.847677
2176   32922.882434
2178   33033.224174
2180   33143.864290
2182   33254.811389
2184   33366.065471
2186   33477.638012
2188   33589.531881
2190   33701.729864
2192   33814.237699
2194   33927.052517
2196   34040.174318
2198   34153.603102
2200   34267.338869
2202   34381.384488
2204   34495.734221
2206   34610.390937
2208   34725.357505
2210   34840.628187
2212   34956.194376
2214   35072.067548
2216   35188.250572
2218   35304.740579
2220   35421.540438
2222   35538.647280
2224   35656.066843
2226   35773.799127
2228   35891.841263
2230   36010.193251
2232   36128.860829
2234   36247.838259
2236   36367.122672
2238   36486.714068
2240   36606.623923
2242   36726.846499
2244   36847.387534
2246   36968.247028
2248   37089.424981
2250   37210.921393
2252   37332.742002
2254   37454.883939
2256   37577.350073
2258   37700.140404
2260   37823.254932
2262   37946.696526
2264   38070.465186
2266   38194.560912
2268   38318.986573
2270   38443.745038
2272   38568.833438
2274   38694.254642
2276   38820.008650
2278   38946.098331
2280   39072.520816
2282   39199.281843
2284   39326.381412
2286   39453.830999
2288   39581.636342
2290   39709.777358
2292   39838.259785
2294   39967.077885
2296   40096.237396
2298   40225.738318
2300   40355.574913
2302   40485.752919
2304   40616.269467
2306   40747.124557
2308   40878.321058
2310   41009.853232
2312   41141.700996
2314   41273.887302
2316   41406.415019
2318   41539.287016
2320   41672.497555
2322   41806.055243
2324   41939.960080
2326   42074.209197
2328   42208.805463
2330   42343.751747
2332   42479.045180
2334   42614.688631
2336   42750.699314
2338   42887.074360
2340   43023.802293
2342   43160.880244
2344   43298.311082
2346   43436.094807
2348   43574.228550
2350   43712.715180
2352   43851.554697
2354   43990.744232
2356   44130.286654
2358   44270.181963
2360   44410.427290
2362   44550.973862
2364   44691.873321
2366   44833.128536
2368   44974.742376
2370   45116.714841
2372   45259.051669
2374   45401.749991
2376   45544.818414
2378   45688.251200
2380   45832.056956
2382   45976.235682
2384   46120.787378
2386   46265.740734
2388   46411.101488
2390   46556.838081
2392   46702.953382
2394   46849.444522
2396   46996.314370
2398   47143.560057
2400   47291.187321
2402   47439.187555
2404   47587.566497
2406   47736.324147
2408   47885.460505
2410   48034.972702
2412   48184.863607
2414   48335.130351
2416   48485.775803
2418   48636.797094
2420   48788.197093
2422   48939.975800
2424   49092.130346
2426   49244.663600
2428   49397.575562
2430   49550.863363
2432   49704.527003
2434   49858.569351
2436   50012.964586
2438   50167.709839
2440   50322.836669
2442   50478.347945
2444   50634.240798
2446   50790.520966
2448   50947.191318
2450   51104.251854
2452   51261.705443
2454   51419.552085
2456   51577.797518
2458   51736.441742
2460   51895.487626
2462   52054.989681
2464   52214.893396
2466   52375.201640
2468   52535.914413
2470   52697.028846
2472   52858.544939
2474   53020.465561
2476   53182.787843
2478   53345.517523
2480   53508.645994
2482   53672.178994
2484   53836.113654
2486   54000.441367
2488   54165.156395
2490   54330.278821
2492   54495.805776
2494   54661.740129
2496   54828.079011
2498   54994.831029
2500   55161.990445
2502   55329.560128
2504   55497.542947
2506   55665.938902
2508   55834.747993
2510   56003.973089
2512   56173.625666
2514   56343.697117
2516   56514.181704
2518   56685.088034
2520   56856.410369
2522   57028.151578
2524   57200.311661
2526   57372.890618
2528   57545.888449
2530   57719.308023
2532   57893.149340
2534   58067.412400
2536   58242.091465
2538   58417.186535
2540   58592.703348
2542   58768.647642
2544   58945.016548
2546   59121.812935
2548   59299.036803
2550   59476.688152
2552   59654.772720
2554   59833.284769
2556   60012.232906
2558   60191.611393
2560   60371.425968
2562   60551.673762
2564   60732.357644
2566   60913.480483
2568   61095.039410
2570   61277.040163
2572   61459.477004
2574   61642.358540
2576   61825.681902
2578   62009.449959
2580   62193.659842
2582   62378.314420
2584   62563.419431
2586   62748.983482
2588   62935.006573
2590   63121.480097
2592   63308.401185
2594   63495.769837
2596   63683.586053
2598   63871.849833
2600   64060.561177
2602   64249.722954
2604   64439.329426
2606   64629.386331
2608   64819.890800
2610   65010.842833
2612   65202.202264
2614   65394.012128
2616   65586.272425
2618   65778.986024
2620   65972.152925
2622   66165.775997
2624   66359.858109
2626   66554.396392
2628   66749.396584
2630   66944.855816
2632   67140.779826
2634   67337.168614
2636   67534.030787
2638   67731.366345
2640   67929.172419
2642   68127.446140
2644   68326.193246
2646   68525.410868
2648   68725.099006
2650   68925.263398
2652   69125.901175
2654   69327.015206
2656   69528.608360
2658   69730.674899
2660   69933.223430
2662   70136.279774
2664   70339.815241
2666   70543.826962
2668   70748.323544
2670   70953.296380
2672   71158.751208
2674   71364.685159
2676   71571.098233
2678   71777.993299
2680   71985.367488
2682   72193.220800
2684   72401.556104
2686   72610.341841
2688   72819.583749
2690   73029.307649
2692   73239.519279
2694   73450.215770
2696   73661.399991
2698   73873.077680
2700   74085.248837
2702   74297.913462
2704   74511.077293
2706   74724.737461
2708   74938.902573
2710   75153.569760
2712   75368.807878
2714   75584.553809
2716   75800.801815
2718   76017.554765
2720   76234.809790
2722   76452.569759
2724   76670.831803
2726   76889.593053
2728   77108.859247
2730   77328.624647
2732   77548.892122
2734   77769.658803
2736   77990.890262
2738   78212.589368
2740   78434.790549
2742   78657.496674
2744   78880.707743
2746   79104.426625
2748   79328.659058
2750   79553.402173
2752   79778.658839
2754   80004.431925
2756   80230.727169
2758   80457.538833
2760   80684.875524
2762   80912.788884
2764   81141.227271
2766   81370.190685
2768   81599.679126
2770   81829.692594
2772   82060.228220
2774   82291.291742
2776   82522.880291
2778   82754.990998
2780   82987.626732
2782   83220.787493
2784   83454.473281
2786   83688.664013
2788   83923.359689
2790   84158.583261
2792   84394.334729
2794   84630.616962
2796   84867.429960
2798   85104.779461
2800   85342.659727
2802   85581.076496
2804   85820.032637
2806   86059.528150
2808   86299.563035
2810   86540.140161
2812   86781.276742
2814   87022.955564
2816   87265.182365
2818   87507.954276
2820   87751.277035
2822   87995.147773
2824   88239.566490
2826   88484.538924
2828   88730.062206
2830   88976.139205
2832   89222.769921
2834   89469.957223
2836   89717.703980
2838   89966.018799
2840   90214.887335
2842   90464.315326
2844   90714.302772
2846   90964.846804
2848   91215.953160
2850   91467.618971
2852   91719.844237
2854   91972.631827
2856   92225.978872
2858   92479.891110
2860   92734.362803
2862   92989.385344
2864   93244.973078
2866   93501.126005
2868   93757.844125
2870   94015.130307
2872   94272.984551
2874   94531.406857
2876   94790.402963
2878   95049.967131
2880   95310.105099
2882   95570.813998
2884   95832.099566
2886   96093.927375
2888   96356.300294
2890   96619.252751
2892   96882.790484
2894   97146.916362
2896   97411.636123
2898   97676.949767
2900   97942.863032
2902   98209.378787
2904   98476.499901
2906   98744.232112
2908   99012.578289
2910   99281.541301
2912   99551.390834
2914   99821.854333
2916   100092.923191
2918   100364.594539
2920   100636.859770
2922   100909.713146
2924   101183.146060
2926   101457.152774
2928   101731.727550
2930   102006.864650
2932   102282.555467
2934   102558.791394
2936   102835.377339
2938   103112.310433
2940   103389.794375
2942   103667.837772
2944   103946.443493
2946   104225.625883
2948   104505.390680
2950   104785.746491
2952   105066.701923
2954   105348.262714
2956   105630.440340
2958   105913.243408
2960   106196.674787
2962   106480.958259
2964   106765.884387
2966   107051.447433
2968   107337.650266
2970   107624.495755
2972   107911.978162
2974   108200.103225
2976   108488.868075
2978   108778.269843
2980   109068.314267
2982   109358.998478
2984   109650.322476
2986   109942.283392
2988   110234.886964
2990   110528.130323
2992   110822.013469
2994   111116.536402
2996   111411.699122
2998   111707.501629
3000   112003.946792
