 70     792.180764
 72     831.280705
 74     870.726186
 76     910.532567
 78     950.676811
 80     991.181953
 82    1032.040316
 84    1073.251899
 86    1114.816702
 88    1156.742404
 90    1199.021326
 92    1241.661147
 94    1284.661867
 96    1328.031165
 98    1371.753683
100    1415.837100
102    1460.289094
104    1505.109666
106    1550.298815
108    1595.848864
110    1641.775168
112    1688.062372
114    1734.725832
116    1781.765548
118    1829.173842
120    1876.958392
122    1925.119198
124    1973.656261
126    2022.569580
128    2071.859155
130    2121.532666
132    2171.590111
134    2222.023813
136    2272.841449
138    2324.050699
140    2375.636206
142    2427.613326
144    2479.982060
146    2532.734729
148    2585.879012
150    2639.414908
152    2693.342418
154    2747.661542
156    2802.372280
158    2857.482310
160    2912.991632
162    2968.900247
164    3025.200475
166    3081.907675
168    3139.006488
170    3196.519951
172    3254.425027
174    3312.744754
176    3371.463773
178    3430.589763
180    3490.122724
182    3550.070335
184    3610.424917
186    3671.186470
188    3732.362673
190    3793.953526
192    3855.959028
194    3918.379180
196    3981.213982
198    4044.471113
200    4108.142893
202    4172.237002
204    4236.745761
206    4301.684527
208    4367.045621
210    4432.829044
212    4499.034796
214    4565.670554
216    4632.736320
218    4700.224414
220    4768.150195
222    4836.498303
224    4905.284098
226    4974.507578
228    5044.153387
230    5114.244561
232    5184.773420
234    5255.732287
236    5327.128840
238    5398.970757
240    5471.258039
242    5543.975328
244    5617.145660
246    5690.753678
248    5764.814740
250    5839.313487
252    5914.265278
254    5989.662433
256    6065.512632
258    6141.815874
260    6218.564480
262    6295.773809
264    6373.428502
266    6451.543917
268    6530.112375
270    6609.141556
272    6688.631458
274    6768.574404
276    6848.985750
278    6929.850140
280    7011.182930
282    7092.984121
284    7175.246034
286    7257.976348
288    7341.167384
290    7424.834499
292    7508.970015
294    7593.573932
296    7678.700000
298    7764.202324
300    7850.226801
302    7936.727356
304    8023.696312
306    8111.149027
308    8199.085499
310    8287.498051
312    8376.386682
314    8465.759071
316    8555.615219
318    8645.962803
320    8736.786467
322    8828.101567
324    8919.900425
326    9012.190721
328    9104.964774
330    9198.230264
332    9291.994870
334    9386.250912
336    9480.998392
338    9576.237308
340    9671.975339
342    9768.212487
344    9864.948749
346    9962.184127
348   10059.918621
350   10158.159909
352   10256.900312
354   10356.139831
356   10455.886144
358   10556.146930
360   10656.906831
362   10758.173527
364   10859.954695
366   10962.242658
368   11065.052772
370   11168.362002
372   11272.193383
374   11376.546916
376   11481.407244
378   11586.782044
380   11692.671317
382   11799.098099
384   11906.031675
386   12013.495081
388   12121.472961
390   12229.972992
392   12339.002853
394   12448.562545
396   12558.644388
398   12669.263740
400   12780.405244
402   12892.076578
404   13004.270064
406   13117.016416
408   13230.284919
410   13344.090932
412   13458.434454
414   13573.315485
416   13688.718667
418   13804.682394
420   13921.183631
422   14038.222376
424   14155.798630
426   14273.920073
428   14392.594381
430   14511.813877
432   14631.570883
434   14751.880754
436   14872.751171
438   14994.159096
440   15116.119889
442   15238.641226
444   15361.707751
446   15485.327142
448   15609.507078
450   15734.247560
452   15859.540908
454   15985.402480
456   16111.816918
458   16238.791901
460   16366.327429
462   16494.438860
464   16623.095478
466   16752.335678
468   16882.136423
470   17012.505391
472   17143.450263
474   17274.955679
476   17407.036997
478   17539.686540
480   17672.919664
482   17806.713332
484   17941.098261
486   18076.059092
488   18211.588147
490   18347.693105
492   18484.389322
494   18621.669121
496   18759.517143
498   18897.956426
500   19036.986968
502   19323.548373
504   19481.814059
506   19640.548145
508   19799.742954
510   19959.421520
512   20119.583845
514   20280.229927
516   20441.382804
518   20603.042475
520   20765.224298
522   20927.935951
524   21091.169756
526   21254.948748
528   21419.280607
530   21584.173010
532   21749.618281
534   21915.654811
536   22082.259565
538   22249.463257
540   22417.258210
542   22585.667458
544   22754.691002
546   22924.336521
548   23094.619373
550   23265.531877
552   23437.097071
554   23609.307276
556   23782.200885
558   23955.747184
560   24129.992245
562   24304.905352
564   24480.524900
566   24656.858566
568   24833.898674
570   25011.660579
572   25190.136603
574   25369.365139
576   25549.338510
578   25730.056714
580   25911.542789
582   26093.804412
584   26276.833905
586   26460.654305
588   26645.265610
590   26830.683179
592   27016.914690
594   27203.952465
596   27391.827218
598   27580.531270
600   27770.087658
602   27960.496382
604   28151.749763
606   28343.886194
608   28536.882640
610   28730.769815
612   28925.555398
614   29121.231710
616   29317.821788
618   29515.333309
620   29713.758596
622   29913.120684
624   30113.427252
626   30314.678300
628   30516.889186
630   30720.067588
632   30924.221185
634   31129.349977
636   31335.469321
638   31542.586896
640   31750.718060
642   31959.855133
644   32170.021152
646   32381.208438
648   32593.447706
650   32806.731277
652   33021.059151
654   33236.454365
656   33452.916918
658   33670.469847
660   33889.105472
662   34108.839151
664   34329.663206
666   34551.616029
668   34774.682264
670   34998.884947
672   35224.216398
674   35450.691976
676   35678.327037
678   35907.113904
680   36137.075612
682   36368.204482
684   36600.531229
686   36834.040496
688   37068.762997
690   37304.691055
692   37541.840026
694   37780.209910
696   38019.823743
698   38260.673847
700   38502.760222
702   38746.121261
704   38990.749286
706   39236.651975
708   39483.829328
710   39732.312060
712   39982.077135
714   40233.170625
716   40485.554136
718   40739.289099
720   40994.337120
722   41250.728913
724   41508.479836
726   41767.574531
728   42028.036035
730   42289.872026
732   42553.097862
734   42817.698185
736   43083.703711
738   43351.114438
740   43619.930368
742   43890.182215
744   44161.854621
746   44434.970622
748   44709.530219
750   44985.541091
752   45263.018594
754   45541.962729
756   45822.388853
758   46104.296966
760   46387.710104
762   46672.620589
764   46959.036099
766   47246.987349
768   47536.458982
770   47827.458676
772   48120.009467
774   48414.103677
776   48709.764342
778   49006.999140
780   49305.808072
782   49606.198816
784   49908.186729
786   50211.764134
788   50516.961744
790   50823.771881
792   51132.209903
794   51442.283488
796   51753.992635
798   52067.360382
800   52382.379050
802   52699.063995
804   53017.430576
806   53337.471113
808   53659.208643
810   53982.643166
812   54307.782360
814   54634.641583
816   54963.205477
818   55293.520115
820   55625.570139
822   55959.370907
824   56294.930097
826   56632.240031
828   56971.323744
830   57312.196594
832   57654.858582
834   57999.317385
836   58345.573004
838   58693.640796
840   59043.536119
842   59395.266652
844   59748.824714
846   60104.225665
848   60461.484861
850   60820.602303
852   61181.601026
854   61544.473352
856   61909.219281
858   62275.869527
860   62644.416412
862   63014.890651
864   63387.269208
866   63761.575118
868   64137.816060
870   64516.007393
872   64896.149115
874   65278.248906
876   65662.306765
878   66048.353407
880   66436.373476
882   66826.390006
884   67218.410677
886   67612.443168
888   68008.479799
890   68406.551286
892   68806.649949
894   69208.791147
896   69612.990236
898   70019.231860
900   70427.546732
902   70837.934854
904   71250.403903
906   71664.969237
908   72081.623178
910   72500.388761
912   72921.265987
914   73344.262534
916   73769.393759
918   74196.675021
920   74626.083282
922   75057.664616
924   75491.388306
926   75927.300427
928   76365.393298
930   76805.659241
932   77248.105935
934   77692.779452
936   78139.679792
938   78588.806955
940   79040.160941
942   79493.741750
944   79949.549382
946   80407.583837
948   80867.921902
950   81330.563577
952   81795.432075
954   82262.604183
956   82732.003114
958   83203.782442
960   83677.865380
962   84154.251928
964   84632.942086
966   85114.012641
968   85597.386806
970   86083.141368
972   86571.199540
974   87061.714896
976   87554.533862
978   88049.810012
980   88547.389772
982   89047.426716
984   89549.844057
986   90054.641795
988   90561.973504
990   91071.608823
992   91583.778113
994   92098.327800
996   92615.411458
998   93134.875513
1000   93656.873539
1002   94181.328749
1004   94708.317930
1006   95237.764295
1008   95769.667844
1010   96304.182151
1012   96841.153642
1014   97380.659104
1016   97922.698537
1018   98467.348728
1020   99014.532890
1022   99564.251023
1024   100116.503127
1026   100671.365989
1028   101228.839609
1030   101788.847200
1032   102351.542336
1034   102916.771443
1036   103484.688095
1038   104055.292292
1040   104628.353673
1042   105204.179386
1044   105782.539070
1046   106363.739873
1048   106947.474647
1050   107533.973753
1052   108123.083617
1054   108714.957813
1056   109309.442767
1058   109906.692053
1060   110506.628884
1062   111109.330047
1064   111714.718755
1066   112322.948582
1068   112933.865954
1070   113547.470871
1072   114163.916907
1074   114783.127275
1076   115405.178762
1078   116029.917794
1080   116657.421158
1082   117287.842428
1084   117921.028030
1086   118557.131538
1088   119195.922591
1090   119837.631550
1092   120482.258415
1094   121129.649612
1096   121779.805141
1098   122433.032150
1100   123089.023491
1102   123747.932738
1104   124409.752212
1106   125074.428163
1108   125742.006662
1110   126412.671999
1112   127086.024881
1114   127762.502993
1116   128441.845261
1118   129124.097756
1120   129809.421731
1122   130497.671291
1124   131188.900186
1126   131883.131453
1128   132580.349734
1130   133280.501279
1132   133983.716625
1134   134689.926664
1136   135399.200504
1138   136111.568861
1140   136826.832087
1142   137545.258938
1144   138266.749590
1146   138991.227256
1148   139718.776402
1150   140449.404707
1152   141183.181279
1154   141920.106118
1156   142660.110116
1158   143403.170236
1160   144149.401660
1162   144898.689206
1164   145651.194127
1166   146406.924102
1168   147165.733236
1170   147927.613850
1172   148692.811663
1174   149461.134706
1176   150232.613695
1178   151007.310059
1180   151785.315943
1182   152566.400986
1184   153350.711083
1186   154138.307663
1188   154929.221442
1190   155723.191343
1192   156520.616659
1194   157321.121134
1196   158125.011916
1198   158932.120073
1200   159742.614537
1202   160556.311018
1204   161373.247911
1206   162193.717006
1208   163017.257581
1210   163844.261250
1212   164674.712655
1214   165508.320006
1216   166345.359735
1218   167185.808808
1220   168029.459898
1222   168876.581761
1224   169727.143681
1226   170581.091908
1228   171438.349655
1230   172299.047459
1232   173163.292823
1234   174030.740204
1236   174901.735145
1238   175776.277646
1240   176654.168059
1242   177535.460137
1244   178420.353525
1246   179308.702328
1248   180200.422080
1250   181095.689392
1252   181994.481227
1254   182896.728477
1256   183802.584716
1258   184711.888691
1260   185624.747905
1262   186541.185392
1264   187461.024544
1266   188384.541793
1268   189311.675710
1270   190242.249684
1272   191176.440326
1274   192114.239957
1276   193055.725364
1278   194000.742973
1280   194949.369571
1282   195901.520692
1284   196857.449734
1286   197816.980086
1288   198780.127106
1290   199746.952223
1292   200717.447758
1294   201691.652106
1296   202669.465443
1298   203650.949198
1300   204636.118729
1302   205625.058502
1304   206617.760838
1306   207613.995376
1308   208614.153730
1310   209617.913394
1312   210625.512408
1314   211636.804877
1316   212651.836872
1318   213670.731254
1320   214693.311412
1322   215719.715562
1324   216749.897633
1326   217783.903696
1328   218821.687680
1330   219863.287977
1332   220908.750661
1334   221958.045016
1336   223011.101934
1338   224068.074989
1340   225129.040968
1342   226193.608257
1344   227262.176149
1346   228334.675536
1348   229410.991236
1350   230491.307539
1352   231575.386405
1354   232663.534982
1356   233755.522909
1358   234851.419294
1360   235951.316282
1362   237055.067978
1364   238162.781882
1366   239274.588534
1368   240390.303644
1370   241510.019357
1372   242633.566741
1374   243761.245265
1376   244893.008858
1378   246028.688588
1380   247168.376600
1382   248312.111286
1384   249459.854254
1386   250611.643896
1388   251767.587716
1390   252927.463029
1392   254091.492520
1394   255259.568685
1396   256431.799027
1398   257607.960863
1400   258788.392057
1402   259972.839211
1404   261161.509649
1406   262354.157655
1408   263551.028945
1410   264752.054412
1412   265957.149590
1414   267166.552519
1416   268379.940693
1418   269597.605903
1420   270819.463683
1422   272045.506354
1424   273275.710881
1426   274510.215480
1428   275748.881935
1430   276991.740959
1432   278238.838626
1434   279490.251723
1436   280745.880425
1438   282005.724734
1440   283269.846079
1442   284538.213745
1444   285810.981306
1446   287087.926080
1448   288369.186284
1450   289654.838703
1452   290944.706729
1454   292238.974650
1456   293537.511929
1458   294840.356958
1460   296147.655633
1462   297459.262058
1464   298775.137841
1466   300095.505664
1468   301420.227309
1470   302749.318135
1472   304082.808855
1474   305420.684114
1476   306762.989982
1478   308109.680388
1480   309460.885870
1482   310816.491246
1484   312176.481161
1486   313540.986151
1488   314910.006216
1490   316283.418498
1492   317661.276748
1494   319043.680787
1496   320430.622939
1498   321821.988021
1500   323217.898894
1502   325487.108318
1504   327081.590373
1506   328678.990334
1508   330279.477133
1510   331883.089162
1512   333489.780350
1514   335099.696592
1516   336712.768780
1518   338329.042985
1520   339948.649747
1522   341571.535313
1524   343197.883973
1526   344827.542153
1528   346460.648069
1530   348097.132613
1532   349737.218467
1534   351380.844202
1536   353028.071247
1538   354678.845852
1540   356333.229446
1542   357991.444711
1544   359653.261286
1546   361318.917211
1548   362988.351057
1550   364661.624253
1552   366338.790549
1554   368019.826911
1556   369704.902268
1558   371393.932156
1560   373086.916575
1562   374784.147315
1564   376485.271155
1566   378190.710425
1568   379900.211728
1570   381614.028459
1572   383331.999368
1574   385054.331778
1576   386781.033368
1578   388511.981279
1580   390247.436588
1582   391987.261076
1584   393731.562247
1586   395480.470638
1588   397233.878747
1590   398991.863361
1592   400754.562697
1594   402521.923003
1596   404293.844458
1598   406070.695638
1600   407852.138681
1602   409638.595914
1604   411429.737155
1606   413225.946338
1608   415026.993101
1610   416832.923518
1612   418644.014022
1614   420460.057286
1616   422281.283674
1618   424107.570324
1630   435174.819205
1632   437038.048081
1634   438906.667405
1636   440780.646461
1638   442660.254004
1640   444545.367176
1642   446435.924545
1644   448332.194868
1646   450234.116713
1648   452141.751512
1650   454055.045512
1652   455974.106216
1654   457898.995053
1656   459829.742739
1658   461766.318557
1660   463708.776260
1662   465657.192634
1664   467611.721254
1666   469572.085685
1668   471538.593076
1670   473511.174319
1672   475489.990667
1674   477474.834794
1676   479466.013848
1678   481463.397292
1680   483467.084949
1682   485477.069139
1684   487493.403615
1686   489516.126769
1688   491545.353782
1690   493580.908044
1692   495623.142774
1694   497671.819934
1696   499727.177563
1698   501789.146553
1700   503857.688510
1702   505933.018438
1704   508015.028834
1706   510103.896310
1708   512199.498006
1710   514301.895351
1712   516411.318707
1714   518527.660571
1716   520650.798085
1718   522781.084469
1720   524918.396863
1722   527062.742946
1724   529214.230220
1726   531372.812613
1728   533538.712808
1730   535711.708121
1732   537892.021235
1734   540079.598399
1736   542274.616224
1738   544476.905777
1740   546686.682063
1742   548903.906688
1744   551128.571973
1746   553360.731670
1748   555600.447207
1750   557847.902874
1752   560102.968133
1754   562365.650662
1756   564636.065642
1758   566914.220751
1760   569200.154384
1762   571493.951005
1764   573795.533828
1766   576105.140893
1768   578422.657019
1770   580748.143635
1772   583081.600742
1774   585423.189592
1776   587772.756612
1778   590130.524483
1780   592496.431776
1782   594870.655101
1784   597253.025527
1786   599643.658234
1788   602042.660724
1790   604449.933174
1792   606865.698266
1794   609289.779391
1796   611722.414587
1798   614163.603855
1800   616613.224335
1802   619071.460317
1804   621538.311800
1806   624013.824857
1808   626498.076275
1810   628990.935515
1812   631492.694368
1814   634003.306763
1816   636522.588410
1818   639050.892529
1820   641588.096262
1822   644134.207287
1824   646689.287033
1826   649253.381573
1828   651826.621445
1830   654408.937540
1832   657000.452718
1834   659601.044119
1836   662210.957462
1838   664830.062209
1840   667458.427468
1842   670096.275922
1844   672743.331137
1846   675399.815795
1848   678065.845078
1850   680741.311483
1852   683426.330190
1854   686120.770663
1856   688825.001478
1858   691538.723166
1860   694262.227518
1862   696995.276495
1864   699738.177243
1866   702490.852976
1868   705253.372803
1870   708025.736723
1872   710807.944737
1874   713600.165775
1876   716402.346088
1878   719214.547103
1880   722036.761144
1882   724869.057318
1884   727711.489375
1886   730564.049638
1888   733426.868645
1890   736299.877286
1892   739183.136991
1894   742076.709191
1896   744980.709065
1898   747895.021434
1900   750819.822906
1902   753754.990624
1904   756700.701197
1906   759657.016054
1908   762623.820016
1910   765601.166832
1912   768589.471154
1914   771588.026540
1916   774597.301391
1918   777618.117329
1920   780648.892540
1922   783690.448646
1924   786743.484409
1926   789807.301066
1928   792881.837189
1930   795967.154206
1932   799063.958559
1934   802171.536127
1936   805290.601031
1938   808420.439151
1940   811561.818357
1942   814713.924707
1944   817877.510714
1946   821052.699236
1948   824238.545794
1950   827435.987189
1952   830644.915919
1954   833865.331984
1956   837097.342886
1958   840340.779694
1960   843595.811339
1962   846862.330319
1964   850140.390385
1966   853430.690299
1968   856731.771107
1970   860045.099443
1972   863369.961185
1974   866707.131884
1976   870055.843669
1978   873416.035110
1980   876788.535507
1982   880173.275753
1984   883569.549405
1986   886978.132014
1988   890399.023579
1990   893831.387121
1992   897276.819811
1994   900733.793587
1996   904203.014890
1998   907684.529791
2000   911178.353649
2002   914684.425033
2004   918203.611636
2006   921734.285575
2008   925277.959553
2010   928833.996237
2012   932402.280449
2014   935982.865937
2016   939577.280765
2018   943183.167570
2020   946802.131201
2022   950433.388431
2024   954078.475000
2026   957735.862846
2028   961405.498219
2030   965088.195060
2032   968784.713561
2034   972492.780827
2036   976214.608324
2038   979949.566397
2040   983697.524510
2042   987458.605521
2044   991232.579069
2046   995019.783017
2048   998820.002362
2050   1002633.928186
2052   1006460.976909
2054   1010300.326909
2056   1014154.320190
2058   1018021.321189
2060   1021902.850288
2062   1025796.803523
2064   1029703.641618
2066   1033624.424231
2068   1037559.734945
2070   1041507.346937
2072   1045469.602209
2074   1049444.865199
2076   1053433.957527
2078   1057437.577956
2080   1061453.614844
2082   1065484.886271
2084   1069529.280597
2086   1073587.496583
2088   1077660.248349
2090   1081746.821774
2092   1085847.224538
2094   1089961.564142
2096   1094090.316666
2098   1098233.835331
2100   1102390.238854
2102   1106561.293337
2104   1110746.169479
2106   1114946.510523
2108   1119160.565726
2110   1123389.149029
2112   1127632.490793
2114   1131889.546716
2116   1136161.245920
2118   1140447.473223
2120   1144748.228628
2122   1149064.448934
2124   1153394.498579
2126   1157739.890266
2128   1162098.297350
2130   1166472.868097
2132   1170862.788566
2134   1175265.716753
2136   1179684.808603
2138   1184118.551412
2140   1188566.822322
2142   1193030.442953
2144   1197509.413306
2146   1202002.205319
2148   1206511.168673
2150   1211035.366569
2152   1215574.322926
2154   1220128.513824
2156   1224697.348003
2158   1229282.353523
2160   1233882.585906
2162   1238497.469249
2164   1243128.523934
2166   1247774.106719
2168   1252436.674789
2170   1257112.949338
2172   1261806.216850
2174   1266514.020141
2176   1271238.685858
2178   1275978.002534
2180   1280733.482873
2182   1285504.197754
2184   1290290.385215
2186   1295093.435101
2188   1299911.020766
2190   1304745.476535
2192   1309596.095968
2194   1314462.187981
2196   1319344.213296
2198   1324242.525135
2200   1329156.071514
2202   1334086.603177
2204   1339033.183324
2206   1343995.236051
2208   1348974.043701
2210   1353969.015015
2212   1358980.157671
2214   1364008.178110
2216   1369052.362212
2218   1374113.301238
2220   1379189.006403
2222   1384282.986875
2224   1389393.138689
2226   1394519.454166
2228   1399661.940986
2230   1404822.004350
2232   1409998.239056
2234   1415191.343866
2236   1420401.326459
2238   1425627.472715
2240   1430871.195515
2242   1436131.081979
2244   1441407.961406
2246   1446702.417377
2248   1452013.044691
2250   1457341.240870
2252   1462686.430012
2254   1468048.374078
2256   1473427.311106
2258   1478823.932181
2260   1484237.431039
2262   1489667.800000
2264   1495115.860686
2266   1500582.319537
2268   1506064.942052
2270   1511565.148790
2272   1517082.340812
2274   1522617.101700
2276   1528170.383612
2278   1533739.714007
2280   1539326.736127
2282   1544932.156413
2284   1550555.268423
2286   1556196.064479
2288   1561853.745996
2290   1567529.810321
2292   1573224.395671
2294   1578935.029503
2296   1584664.883122
2298   1590411.606845
2300   1596178.241436
2302   1601961.055049
2304   1607761.560386
2306   1613582.091773
2308   1619418.687001
2310   1625275.193097
2312   1631148.576976
2314   1637041.288143
2316   1642950.754234
2318   1648878.733670
2320   1654825.932892
2322   1660791.522601
2324   1666774.688854
2326   1672777.190073
2328   1678797.966599
2330   1684836.557709
2332   1690893.539305
2334   1696969.617828
2336   1703065.031317
2338   1709178.842972
2340   1715311.045113
2342   1721461.645420
2344   1727630.751394
2346   1733819.783594
2348   1740026.392338
2350   1746253.149991
2352   1752497.369008
2354   1758761.736934
2356   1765045.908227
2358   1771347.886425
2360   1777668.961550
2362   1784008.557700
2364   1790368.763480
2366   1796746.668664
2368   1803144.607576
2370   1809561.651094
2372   1815998.720661
2374   1822453.489632
2376   1828928.875913
2378   1835423.481979
2380   1841937.415333
2382   1848470.453294
2384   1855023.409801
2386   1861596.392359
2388   1868188.602381
2390   1874800.723272
2392   1881431.242329
2394   1888082.493875
2396   1894753.786829
2398   1901444.176709
2400   1908155.429617
2402   1914885.771774
2404   1921635.333716
2406   1928406.449770
2408   1935196.670429
2410   1942006.218376
2412   1948836.391311
2414   1955687.304415
2416   1962557.429627
2418   1969448.295006
2420   1976359.078934
2422   1983290.710533
2424   1990241.569596
2426   1997213.744730
2428   2004205.139650
2430   2011217.389920
2432   2018250.265178
2434   2025304.694546
2436   2032377.637261
2438   2039472.610166
2440   2046587.033217
2442   2053722.073579
2444   2060878.675730
2446   2068055.188750
2448   2075253.033198
2450   2082471.034234
2452   2089711.288143
2454   2096971.468278
2456   2104252.503763
2458   2111553.450116
2460   2118876.664700
2462   2126220.504271
2464   2133585.191513
2466   2140971.210184
2468   2148378.076526
2470   2155806.504656
2472   2163254.859014
2474   2170726.172684
2476   2178216.928823
2478   2185730.429271
2480   2193264.777390
2482   2200821.386060
2484   2208397.913278
2486   2215996.002285
2488   2223616.351844
2490   2231258.263192
2492   2238920.791850
2494   2246606.287499
2496   2254311.939736
2498   2262039.852525
2500   2269790.025864
2502   2277562.221716
2504   2285354.574154
2506   2293170.123946
2508   2301007.005166
2510   2308866.139258
2512   2316746.604780
2514   2324648.862451
2516   2332574.079436
2518   2340520.627850
2520   2348489.667175
2522   2356480.967052
2524   2364493.598358
2526   2372528.720576
2528   2380586.579424
2530   2388666.929185
2532   2396768.840736
2534   2404892.774798
2536   2413039.913891
2538   2421210.012298
2540   2429400.966053
2542   2437615.593241
2544   2445851.774540
2546   2454111.867311
2548   2462393.974914
2550   2470697.651986
2552   2479026.161973
2554   2487375.765349
2556   2495748.796440
2558   2504143.865399
2560   2512562.830472
2562   2521004.056097
2564   2529467.542273
2566   2537954.701881
2568   2546465.058842
2570   2554998.375116
2572   2563554.666060
2574   2572133.447917
2576   2580735.895527
2578   2589361.310129
2580   2598010.628523
2582   2606682.906231
2584   2615377.452169
2586   2624096.600662
2588   2632838.946507
2590   2641604.965784
2592   2650392.308812
2594   2659205.191195
2596   2668041.977372
2598   2676900.786060
2600   2685783.498541
2602   2694690.821256
2604   2703620.404522
2606   2712574.590343
2608   2721552.441917
2610   2730553.498523
2612   2739578.220882
2614   2748628.252236
2616   2757701.480944
2618   2766798.383083
2620   2775919.181336
2622   2785063.645343
2624   2794232.013143
2626   2803424.991176
2628   2812643.270526
2630   2821884.524547
2632   2831148.968241
2634   2840439.427371
2636   2849752.853493
2638   2859091.112530
2640   2868454.450202
2642   2877841.691667
2644   2887252.598885
2646   2896688.108658
2648   2906149.165466
2650   2915633.888027
2652   2925143.213143
2654   2934677.148493
2656   2944236.154798
2658   2953819.295257
2660   2963426.807910
2662   2973059.867598
2664   2982717.998242
2666   2992400.025000
2668   3002106.900030
2670   3011840.251219
2672   3021596.807439
2674   3031378.664976
2676   3041186.069547
2678   3051017.838633
2680   3060874.916715
2682   3070758.248272
2684   3080665.245583
2686   3090597.544209
2688   3100556.096312
2690   3110539.949730
2692   3120547.706942
2694   3130582.178351
2696   3140641.259994
2698   3150725.642953
2700   3160836.978149
2702   3170972.217138
2704   3181134.170325
2706   3191320.726066
2708   3201532.590803
2710   3211770.701336
2712   3222034.827304
2714   3232324.953351
2716   3242639.697310
2718   3252980.679387
2720   3263347.676900
2722   3273740.912530
2724   3284159.933236
2726   3294604.493297
2728   3305074.592714
2730   3315572.112770
2732   3326094.941820
2734   3336644.016667
2736   3347218.162470
2738   3357819.490870
2740   3368447.533468
2742   3379100.186299
2744   3389780.490129
2746   3400487.738517
2748   3411220.295901
2750   3421979.567482
2752   3432764.378419
2754   3443576.848033
2756   3454415.325404
2758   3465280.516973
2760   3476172.891140
2762   3487090.343940
2764   3498035.678101
2766   3509007.726459
2768   3520006.719375
2770   3531031.727727
2772   3542083.688315
2774   3553162.593462
2776   3564268.212807
2778   3575401.483149
2780   3586560.300527
2782   3597747.467666
2784   3608961.349001
2786   3620202.182574
2788   3631469.960705
2790   3642765.389834
2792   3654087.533161
2794   3665437.335166
2796   3676814.081728
2798   3688218.709650
2800   3699649.821409
2802   3711109.520968
2804   3722595.466323
2806   3734108.832316
2808   3745649.849308
2810   3757219.454100
2812   3768815.066648
2814   3780439.036636
2816   3792091.364063
2818   3803769.929608
2820   3815476.852592
2822   3827212.371054
2824   3838975.294797
2826   3850765.178456
2828   3862584.110637
2830   3874430.233094
2832   3886303.768511
2834   3898205.661366
2836   3910136.840784
2838   3922094.972438
2840   3934080.524730
2842   3946096.300386
2844   3958138.797917
2846   3970208.938768
2848   3982309.080300
2850   3994435.928351
2852   4006592.308682
2854   4018775.871611
2856   4030988.022340
2858   4043228.760870
2860   4055498.563278
2862   4067796.477408
2864   4080122.518615
2866   4092477.616024
2868   4104861.769633
2870   4117274.511042
2872   4129715.371850
2874   4142184.820459
2876   4154683.332947
2878   4167210.433236
2880   4179767.526526
2882   4192352.739216
2884   4204966.539706
2886   4217609.864797
2888   4230281.785368
2890   4242982.293738
2892   4255712.319031
2894   4268472.821085
2896   4281260.498058
2898   4294078.636433
2900   4306924.433486
2902   4319801.628744
2904   4332706.475000
2906   4345641.314258
2908   4358605.217396
2910   4371598.169056
2912   4384621.589798
2914   4397674.535141
2916   4410756.544363
2918   4423868.070508
2920   4437009.128934
2922   4450180.648762
2924   4463380.287990
2926   4476609.927899
2928   4489870.489932
2930   4503159.647445
2932   4516480.203161
2934   4529829.354357
2936   4543208.022475
2938   4556618.096476
2940   4570057.226679
2942   4583525.889161
2944   4597025.942169
2946   4610555.059056
2948   4624114.637346
2950   4637705.153119
2952   4651324.717414
2954   4664974.750790
2956   4678654.784847
2958   4692366.209430
2960   4706107.166293
2962   4719878.584559
2964   4733680.464228
2966   4747512.812978
2968   4761376.091532
2970   4775269.831489
2972   4789193.564448
2974   4803147.298088
2976   4817133.366734
2978   4831149.904461
2980   4845196.895913
2982   4859273.419644
2984   4873382.754461
2986   4887521.606201
2988   4901691.863823
2990   4915893.051250
2992   4930124.707757
2994   4944387.762470
2996   4958681.746985
2998   4973006.200582
3000   4987362.520785
