  2       1.000109
  4       1.002204
  6       1.031188
  8       1.133154
 10       1.328182
 12       1.612256
 14       1.970361
 16       2.387480
 18       2.850520
 20       3.349701
 22       3.876644
 24       4.428729
 26       4.999846
 28       5.588073
 30       6.192189
 32       6.811321
 34       7.443373
 36       8.088520
 38       8.746587
 40       9.417749
 42      10.101832
 44      10.797962
 46      11.507188
 48      12.229159
 50      12.963352
 52      13.709592
 54      14.468578
 56      15.240834
 58      16.024963
 60      16.821139
 62      17.629187
 64      18.449458
 66      19.281602
 68      20.126666
 70      20.981857
 72      21.849968
 74      22.729079
 76      23.619364
 78      24.521522
 80      25.434680
 82      26.358838
 84      27.293996
 86      28.240153
 88      29.197310
 90      30.164594
 92      31.142704
 94      32.130940
 96      33.129128
 98      34.138316
100      35.157456
102      36.186548
104      37.225768
106      38.274066
108      39.333190
110      40.401392
112      41.478674
114      42.566782
116      43.662920
118      44.769186
120      45.884356
122      47.009653
124      48.143855
126      49.286088
128      50.438273
130      51.598490
132      52.768660
134      53.946860
136      55.134140
138      56.330325
140      57.534541
142      58.747837
144      59.970037
146      61.199221
148      62.438357
150      63.684652
152      64.939851
154      66.203082
156      67.474345
158      68.754686
160      70.041838
162      71.338068
164      72.641282
166      73.952528
168      75.272854
170      76.599988
172      77.935329
174      79.278527
176      80.628709
178      81.987097
180      83.353342
182      84.726571
184      86.107831
186      87.497123
188      88.893225
190      90.296485
192      91.707777
194      93.126053
196      94.552360
198      95.985652
200      97.425927
202      98.873186
204     100.328303
206     101.790578
208     103.260011
210     104.736254
212     106.219481
214     107.709692
216     109.207062
218     110.712289
220     112.223626
222     113.741773
224     115.267079
226     116.799368
228     118.338642
230     119.884900
232     121.437268
234     122.996621
236     124.562783
238     126.136103
240     127.716408
242     129.302649
244     130.896049
246     132.495210
248     134.101530
250     135.714834
252     137.334249
254     138.960473
256     140.593682
258     142.233001
260     143.878432
262     145.531719
264     147.189895
266     148.855230
268     150.526501
270     152.204931
272     153.890170
274     155.580473
276     157.277759
278     158.982205
280     160.692412
282     162.408730
284     164.131159
286     165.860397
288     167.595746
290     169.337032
292     171.085302
294     172.839683
296     174.600000
298     176.366254
300     178.139666
302     179.919014
304     181.704299
306     183.495695
308     185.293901
310     187.097344
312     188.907597
314     190.723961
316     192.546261
318     194.375545
320     196.209893
322     198.051224
324     199.897619
326     201.750998
328     203.610314
330     205.475740
332     207.347976
334     209.225275
336     211.108685
338     212.999080
340     214.895410
342     216.796804
344     218.705008
346     220.619497
348     222.539747
350     224.466109
352     226.398407
354     228.336817
356     230.281162
358     232.232492
360     234.188885
362     236.152262
364     238.120702
366     240.095952
368     242.076440
370     244.063737
372     246.057145
374     248.056490
376     250.061771
378     252.073163
380     254.090491
382     256.113931
384     258.143306
386     260.178619
388     262.220042
390     264.268449
392     266.321745
394     268.382200
396     270.447543
398     272.519870
400     274.598309
402     276.682684
404     278.773169
406     280.869417
408     282.971776
410     285.080245
412     287.194651
414     289.316041
416     291.442495
418     293.575757
420     295.715131
422     297.860616
424     300.012037
426     302.169395
428     304.332863
430     306.503141
432     308.678657
434     310.860983
436     313.049419
438     315.243792
440     317.444101
442     319.651569
444     321.864973
446     324.083441
448     326.308718
450     328.541153
452     330.778652
454     333.022961
456     335.273380
458     337.529911
460     339.792203
462     342.061654
464     344.337041
466     346.618539
468     348.905974
470     351.200392
472     353.500747
474     355.807213
476     358.119616
478     360.439002
480     362.764499
482     365.096981
484     367.435399
486     369.779753
488     372.130218
490     374.487667
492     376.851053
494     379.221422
496     381.597903
498     383.980320
500     386.369896
502     388.765233
504     391.167729
506     393.576161
508     395.990530
510     398.412058
512     400.839521
514     403.273969
516     405.715401
518     408.161722
520     410.616248
522     413.075664
524     415.543111
526     418.015622
528     420.495989
530     422.982468
532     425.475058
534     427.974457
536     430.480840
538     432.993334
540     435.512812
542     438.038226
544     440.570799
546     443.110181
548     445.655675
550     448.208152
552     450.766566
554     453.333011
556     455.905568
558     458.484061
560     461.070585
562     463.663046
564     466.261443
566     468.867872
568     471.480412
570     474.099935
572     476.726443
574     479.359935
576     481.999363
578     484.645775
580     487.299346
582     489.959726
584     492.627265
586     495.300740
588     497.982247
590     500.669690
592     503.364292
594     506.065703
596     508.774273
598     511.489827
600     514.212190
602     516.941712
604     519.678218
606     522.421708
608     525.171308
610     527.928766
612     530.693208
614     533.464808
616     536.243218
618     539.027739
620     541.820291
622     544.619828
624     547.427396
626     550.240900
628     553.061389
630     555.889909
632     558.724365
634     561.566853
636     564.416500
638     567.272956
640     570.137443
642     573.008042
644     575.886497
646     578.772112
648     581.665583
650     584.565165
652     587.472604
654     590.387202
656     593.309657
658     596.238223
660     599.175868
662     602.119274
664     605.070887
666     608.029484
668     610.995938
670     613.969551
672     616.950148
674     619.938601
676     622.934213
678     625.937683
680     628.948310
682     631.966795
684     634.992439
686     638.025939
688     641.067471
690     644.115114
692     647.171662
694     650.235193
696     653.305709
698     656.385304
700     659.471882
702     662.565445
704     665.667040
706     668.776491
708     671.893101
710     675.018790
712     678.151289
714     681.290946
716     684.439508
718     687.595054
720     690.758631
722     693.929192
724     697.108833
726     700.295283
728     703.489939
730     706.693500
732     709.903172
734     713.121748
736     716.348356
738     719.582821
740     722.824445
742     726.075148
744     729.332660
746     732.599251
748     735.872827
750     739.154434
752     742.445120
754     745.742615
756     749.049365
758     752.363971
760     755.685562
762     759.016057
764     762.354758
766     765.702364
768     769.056953
770     772.419575
772     775.791101
774     779.170833
776     782.558422
778     785.954043
780     789.358743
782     792.771300
784     796.191889
786     799.621556
788     803.058208
790     806.504812
792     809.958400
794     813.421067
796     816.891766
798     820.371370
800     823.859005
802     827.355719
804     830.860290
806     834.373940
808     837.895622
810     841.425161
812     844.963780
814     848.511477
816     852.067206
818     855.631840
820     859.204505
822     862.786075
824     866.376724
826     869.976452
828     873.584037
830     877.199828
832     880.825397
834     884.459173
836     888.101852
838     891.753437
840     895.413053
842     899.081748
844     902.759522
846     906.446201
848     910.141785
850     913.846448
852     917.559142
854     921.281789
856     925.012467
858     928.753272
860     932.501934
862     936.259675
864     940.027369
866     943.802919
868     947.587723
870     951.382305
872     955.185093
874     958.997833
876     962.819478
878     966.650202
880     970.489831
882     974.338538
884     978.197198
886     982.064065
888     985.940708
890     989.826431
892     993.722107
894     997.625813
896    1001.540520
898    1005.463258
900    1009.395949
902    1013.337718
904    1017.288392
906    1021.249193
908    1025.218899
910    1029.198557
912    1033.187294
914    1037.186158
916    1041.193751
918    1045.211647
920    1049.238272
922    1053.275024
924    1057.321728
926    1061.377511
928    1065.442199
930    1069.518062
932    1073.602829
934    1077.697548
936    1081.801346
938    1085.915097
940    1090.038800
942    1094.172455
944    1098.315364
946    1102.468050
948    1106.630863
950    1110.803629
952    1114.986346
954    1119.179191
956    1123.380940
958    1127.593688
960    1131.816389
962    1136.048170
964    1140.289902
966    1144.542809
968    1148.804620
970    1153.077257
972    1157.360195
974    1161.652910
976    1165.954705
978    1170.267500
980    1174.591294
982    1178.923993
984    1183.267867
986    1187.620645
988    1191.984422
990    1196.359200
992    1200.743057
994    1205.137913
996    1209.543595
998    1213.958531
1000    1218.384292
1002    1222.821052
1004    1227.266892
1006    1231.724779
1008    1236.191571
1010    1240.670410
1012    1245.158154
1014    1249.657945
1016    1254.166816
1018    1258.687733
1020    1263.218603
1022    1267.759426
1024    1272.311248
1026    1276.874069
1028    1281.447891
1030    1286.031665
1032    1290.626613
1034    1295.232386
1036    1299.848287
1038    1304.476060
1040    1309.113959
1042    1313.762859
1044    1318.421711
1046    1323.092435
1048    1327.774334
1050    1332.466186
1052    1337.170084
1054    1341.883935
1056    1346.609833
1058    1351.345684
1060    1356.093581
1062    1360.851431
1064    1365.621329
1066    1370.401178
1068    1375.193075
1070    1379.995972
1072    1384.810742
1074    1389.635638
1076    1394.472582
1078    1399.319478
1080    1404.179294
1082    1409.049238
1084    1413.931054
1086    1418.824044
1088    1423.727860
1090    1428.643897
1092    1433.570760
1094    1438.509670
1096    1443.459580
1098    1448.421538
1100    1453.394320
1102    1458.378277
1104    1463.375155
1106    1468.382159
1108    1473.402083
1110    1478.433008
1112    1483.474932
1114    1488.528729
1116    1493.594748
1118    1498.672640
1120    1503.761531
1122    1508.863518
1124    1513.975457
1126    1519.100491
1128    1524.237397
1130    1529.385304
1132    1534.546305
1134    1539.718132
1136    1544.902180
1138    1550.098102
1140    1555.306070
1142    1560.526087
1144    1565.757976
1146    1571.001912
1148    1576.258943
1150    1581.526800
1152    1586.806879
1154    1592.099878
1156    1597.404749
1158    1602.720796
1160    1608.050635
1162    1613.391649
1164    1618.745758
1166    1624.111740
1168    1629.489595
1170    1634.880719
1172    1640.282668
1174    1645.698586
1176    1651.126550
1178    1656.566563
1180    1662.019670
1182    1667.484650
1184    1672.961677
1186    1678.452673
1188    1683.954668
1190    1689.470631
1192    1694.998642
1194    1700.538700
1196    1706.092726
1198    1711.658624
1200    1717.237793
1202    1722.828834
1204    1728.432796
1206    1734.049852
1208    1739.679829
1210    1745.322901
1212    1750.977846
1214    1756.646933
1216    1762.328068
1218    1768.022123
1220    1773.730147
1222    1779.450217
1224    1785.183208
1226    1790.929294
1228    1796.689348
1230    1802.461275
1232    1808.247344
1234    1814.046509
1236    1819.858594
1238    1825.683599
1240    1831.521699
1242    1837.373767
1244    1843.237883
1246    1849.116839
1248    1855.008018
1250    1860.912990
1252    1866.831232
1254    1872.763267
1256    1878.708397
1258    1884.667495
1260    1890.639513
1262    1896.624626
1264    1902.623708
1266    1908.636757
1268    1914.662902
1270    1920.703014
1272    1926.757094
1274    1932.824270
1276    1938.905413
1278    1944.999477
1280    1951.108556
1282    1957.230731
1284    1963.366873
1286    1969.515936
1288    1975.680014
1290    1981.858235
1292    1988.049377
1294    1994.254486
1296    2000.474611
1298    2006.707831
1300    2012.954845
1302    2019.217048
1304    2025.492172
1306    2031.782312
1308    2038.085546
1310    2044.403622
1312    2050.735840
1314    2057.082026
1316    2063.443228
1318    2069.817350
1320    2076.206488
1322    2082.610642
1324    2089.027890
1326    2095.459979
1328    2101.907259
1330    2108.368332
1332    2114.843548
1334    2121.333779
1336    2127.837978
1338    2134.357193
1340    2140.890376
1342    2147.438574
1344    2154.001788
1346    2160.578970
1348    2167.171168
1350    2173.777333
1352    2180.399562
1354    2187.035759
1356    2193.686971
1358    2200.352326
1360    2207.033570
1362    2213.728781
1364    2220.439882
1366    2227.165124
1368    2233.905383
1370    2240.660657
1372    2247.430946
1374    2254.216077
1376    2261.017445
1378    2267.832607
1380    2274.663832
1382    2281.509200
1384    2288.370456
1386    2295.246728
1388    2302.137841
1390    2309.045191
1392    2315.966510
1394    2322.904765
1396    2329.856987
1398    2336.825273
1400    2343.808575
1402    2350.807765
1404    2357.822146
1406    2364.852415
1408    2371.897699
1410    2378.957999
1412    2386.035236
1414    2393.127662
1416    2400.234930
1418    2407.358261
1420    2414.497480
1422    2421.652763
1424    2428.823061
1426    2436.009422
1428    2443.211847
1430    2450.430160
1432    2457.664362
1434    2464.913754
1436    2472.180082
1438    2479.461426
1440    2486.759706
1442    2494.073176
1444    2501.403408
1446    2508.748830
1448    2516.111188
1450    2523.488562
1452    2530.882872
1454    2538.294293
1456    2545.720555
1458    2553.163927
1460    2560.622315
1462    2568.098687
1464    2575.590075
1466    2583.098399
1468    2590.622786
1470    2598.164109
1472    2605.721495
1474    2613.295993
1476    2620.886378
1478    2628.493700
1480    2636.117086
1482    2643.757582
1484    2651.415014
1486    2659.088335
1488    2666.778766
1490    2674.486134
1492    2682.209565
1494    2689.949932
1496    2697.707410
1498    2705.481824
1500    2713.273349
1502    2721.081636
1504    2728.906160
1506    2736.748494
1508    2744.607065
1510    2752.483446
1512    2760.376937
1514    2768.286317
1516    2776.213856
1518    2784.158330
1520    2792.120789
1522    2800.099310
1524    2808.095467
1526    2816.109083
1528    2824.139461
1530    2832.187997
1532    2840.253469
1534    2848.336052
1536    2856.436445
1538    2864.553948
1540    2872.689260
1542    2880.842033
1544    2889.012440
1546    2897.199783
1548    2905.405459
1550    2913.628770
1552    2921.870414
1554    2930.129168
1556    2938.405383
1558    2946.699058
1560    2955.011589
1562    2963.341231
1564    2971.688683
1566    2980.053943
1568    2988.437886
1570    2996.839289
1572    3005.258850
1574    3013.696220
1576    3022.152098
1578    3030.625436
1580    3039.116933
1582    3047.626588
1584    3056.155099
1586    3064.701769
1588    3073.266074
1590    3081.848711
1592    3090.450380
1594    3099.070033
1596    3107.707321
1598    3116.364338
1600    3125.038815
1602    3133.731101
1604    3142.443991
1606    3151.173467
1608    3159.923022
1610    3168.689513
1612    3177.476433
1614    3186.280813
1616    3195.104573
1618    3203.947015
1620    3212.807791
1622    3221.687423
1624    3230.586261
1626    3239.503956
1628    3248.440333
1630    3257.394869
1632    3266.369483
1634    3275.362082
1636    3284.374759
1638    3293.406643
1640    3302.457208
1642    3311.525758
1644    3320.614735
1646    3329.723268
1648    3338.849959
1650    3347.996555
1652    3357.162356
1654    3366.347015
1656    3375.551403
1658    3384.775172
1660    3394.017972
1662    3403.280677
1664    3412.563286
1666    3421.864926
1668    3431.185598
1670    3440.526698
1672    3449.887178
1674    3459.267214
1676    3468.666805
1678    3478.086650
1680    3487.526224
1682    3496.984655
1684    3506.463515
1686    3515.962279
1688    3525.481121
1690    3535.019869
1692    3544.577647
1694    3554.156378
1696    3563.755187
1698    3573.373901
1700    3583.011472
1702    3592.670519
1704    3602.350168
1706    3612.049198
1708    3621.768831
1710    3631.507321
1712    3641.268334
1714    3651.048203
1716    3660.849025
1718    3670.669926
1720    3680.511779
1722    3690.373536
1724    3700.255372
1726    3710.159033
1728    3720.081901
1730    3730.026593
1732    3739.991364
1734    3749.976389
1736    3759.982366
1738    3770.009993
1740    3780.057001
1742    3790.125659
1744    3800.215444
1746    3810.325482
1748    3820.455949
1750    3830.608240
1752    3840.782008
1754    3850.975854
1756    3861.190652
1758    3871.427450
1760    3881.684677
1762    3891.963379
1764    3902.263033
1766    3912.584162
1768    3922.925895
1770    3933.289802
1772    3943.674835
1774    3954.080471
1776    3964.508806
1778    3974.957743
1780    3985.428679
1782    3995.920568
1784    4006.433408
1786    4016.969296
1788    4027.526136
1790    4038.104277
1792    4048.704068
1794    4059.326034
1796    4069.969825
1798    4080.635964
1800    4091.323055
1802    4102.031623
1804    4112.762713
1806    4123.515629
1808    4134.291592
1810    4145.088506
1812    4155.907421
1814    4166.748684
1816    4177.611598
1818    4188.497733
1820    4199.404646
1822    4210.334780
1824    4221.286915
1826    4232.261747
1828    4243.257706
1830    4254.276886
1832    4265.318939
1834    4276.382818
1836    4287.468870
1838    4298.577970
1840    4309.709767
1842    4320.863739
1844    4332.041107
1846    4343.239951
1848    4354.462192
1850    4365.706955
1852    4376.975116
1854    4388.265275
1856    4399.578482
1858    4410.914213
1860    4422.273689
1862    4433.655339
1864    4445.060735
1866    4456.488829
1868    4467.939795
1870    4479.415031
1872    4490.912092
1874    4502.432374
1876    4513.976228
1878    4525.543478
1880    4537.133600
1882    4548.747469
1884    4560.384559
1886    4572.044696
1888    4583.729277
1890    4595.436382
1892    4607.167406
1894    4618.921478
1896    4630.699820
1898    4642.501732
1900    4654.327041
1902    4666.176445
1904    4678.049419
1906    4689.945616
1908    4701.865907
1910    4713.809944
1912    4725.778250
1914    4737.770302
1916    4749.786448
1918    4761.826690
1920    4773.891026
1922    4785.979108
1924    4798.091459
1926    4810.227556
1928    4822.387922
1930    4834.573256
1932    4846.782510
1934    4859.015335
1936    4871.273652
1938    4883.556238
1940    4895.862046
1942    4908.193520
1944    4920.549788
1946    4932.929277
1948    4945.334258
1950    4957.763683
1952    4970.217901
1954    4982.696213
1956    4995.199494
1958    5007.727917
1960    5020.281133
1962    5032.859492
1964    5045.461771
1966    5058.089017
1968    5070.742105
1970    5083.419636
1972    5096.122834
1974    5108.850301
1976    5121.603783
1978    5134.380836
1980    5147.184254
1982    5160.012640
1984    5172.867041
1986    5185.746410
1988    5198.650747
1990    5211.580226
1992    5224.535546
1994    5237.516707
1996    5250.523360
1998    5263.554456
2000    5276.612092
2002    5289.695568
2004    5302.804012
2006    5315.938472
2008    5329.098772
2010    5342.285263
2012    5355.496546
2014    5368.734893
2016    5381.998556
2018    5395.287712
2020    5408.603406
2022    5421.944592
2024    5435.313190
2026    5448.706756
2028    5462.126163
2030    5475.572284
2032    5489.044769
2034    5502.543619
2036    5516.069008
2038    5529.619364
2040    5543.198006
2042    5556.801267
2044    5570.431940
2046    5584.089501
2048    5597.772903
2050    5611.483368
2052    5625.219848
2054    5638.983741
2056    5652.774173
2058    5666.591318
2060    5680.435178
2062    5694.305576
2064    5708.203213
2066    5722.127563
2068    5736.079325
2070    5750.057626
2072    5764.063165
2074    5778.096116
2076    5792.155781
2078    5806.241986
2080    5820.356824
2082    5834.497678
2084    5848.665770
2086    5862.862496
2088    5877.085237
2090    5891.335915
2092    5905.614703
2094    5919.920030
2096    5934.252595
2098    5948.613270
2100    5963.001881
2102    5977.418429
2104    5991.862388
2106    6006.332887
2108    6020.832719
2110    6035.359090
2112    6049.914968
2114    6064.497385
2116    6079.108437
2118    6093.746726
2120    6108.413825
2122    6123.107986
2124    6137.832353
2126    6152.582561
2128    6167.362102
2130    6182.170277
2132    6197.005865
2134    6211.869388
2136    6226.762070
2138    6241.683560
2140    6256.632289
2142    6271.610350
2144    6286.617045
2146    6301.651676
2148    6316.715641
2150    6331.808239
2152    6346.929472
2154    6362.078816
2156    6377.258016
2158    6392.465851
2160    6407.701621
2162    6422.967423
2164    6438.261161
2166    6453.583533
2168    6468.936460
2170    6484.317498
2172    6499.728567
2174    6515.168096
2176    6530.636957
2178    6546.134628
2180    6561.661457
2182    6577.218317
2184    6592.805208
2186    6608.419861
2188    6624.065417
2190    6639.740132
2192    6655.444180
2194    6671.177386
2196    6686.941496
2198    6702.734765
2200    6718.557366
2202    6734.409125
2204    6750.292487
2206    6766.204309
2208    6782.145988
2210    6798.119094
2212    6814.121009
2214    6830.152607
2216    6846.215108
2218    6862.307292
2220    6878.429681
2222    6894.582626
2224    6910.765601
2226    6926.978434
2228    6943.222694
2230    6959.496112
2232    6975.800260
2234    6992.135836
2236    7008.501094
2238    7024.897256
2240    7041.323275
2242    7057.781944
2244    7074.269946
2246    7090.787804
2248    7107.337789
2250    7123.917631
2252    7140.528900
2254    7157.170724
2256    7173.843802
2258    7190.547610
2260    7207.282670
2262    7224.048985
2264    7240.847425
2266    7257.675024
2268    7274.535273
2270    7291.426252
2272    7308.348484
2274    7325.301445
2276    7342.286882
2278    7359.303748
2280    7376.351866
2282    7393.431238
2284    7410.541864
2286    7427.685314
2288    7444.859319
2290    7462.065974
2292    7479.303883
2294    7496.573045
2296    7513.875032
2298    7531.208273
2300    7548.573290
2302    7565.971831
2304    7583.400927
2306    7600.861975
2308    7618.356371
2310    7635.881322
2312    7653.439622
2314    7671.029873
2316    7688.652775
2318    7706.308327
2320    7723.995831
2322    7741.714763
2324    7759.466869
2326    7777.252323
2328    7795.069729
2330    7812.919786
2332    7830.802492
2334    7848.717674
2336    7866.665681
2338    7884.646862
2340    7902.660170
2342    7920.708048
2344    7938.787180
2346    7956.900184
2348    7975.045314
2350    7993.223793
2352    8011.436144
2354    8029.681844
2356    8047.960020
2358    8066.271719
2360    8084.615893
2362    8102.994115
2364    8121.406383
2366    8139.850429
2368    8158.330616
2370    8176.841359
2372    8195.388070
2374    8213.967430
2376    8232.580139
2378    8251.227419
2380    8269.908048
2382    8288.621851
2384    8307.370399
2386    8326.152295
2388    8344.968763
2390    8363.819102
2392    8382.702267
2394    8401.620526
2396    8420.573531
2398    8439.559884
2400    8458.581506
2402    8477.637176
2404    8496.726019
2406    8515.849433
2408    8535.008291
2410    8554.201196
2412    8573.428498
2414    8592.689846
2416    8611.986638
2418    8631.318001
2420    8650.683236
2422    8670.083740
2424    8689.519688
2426    8708.990207
2428    8728.495472
2430    8748.035132
2432    8767.610935
2434    8787.220610
2436    8806.866428
2438    8826.546641
2440    8846.262299
2442    8866.012702
2444    8885.799596
2446    8905.621061
2448    8925.477970
2450    8945.369275
2452    8965.296722
2454    8985.260835
2456    9005.259519
2458    9025.294171
2460    9045.363568
2462    9065.470853
2464    9085.611312
2466    9105.788612
2468    9126.002403
2470    9146.251463
2472    9166.535968
2474    9186.857662
2476    9207.214799
2478    9227.608429
2480    9248.036629
2482    9268.502891
2484    9289.004598
2486    9309.543320
2488    9330.116962
2490    9350.727619
2492    9371.375815
2494    9392.059105
2496    9412.779236
2498    9433.535859
2500    9454.329846
2502    9475.159801
2504    9496.026247
2506    9516.930232
2508    9537.871406
2510    9558.847850
2512    9579.861484
2514    9600.913879
2516    9622.001543
2518    9643.127270
2520    9664.289489
2522    9685.489072
2524    9706.726019
2526    9728.000156
2528    9749.310959
2530    9770.659825
2532    9792.045880
2534    9813.469999
2536    9834.930608
2538    9856.428583
2540    9877.965143
2542    9899.539767
2544    9921.150184
2546    9942.800060
2548    9964.487300
2550    9986.212255
2552   10007.975446
2554   10029.775129
2556   10051.614097
2558   10073.490953
2560   10095.405872
2562   10117.359378
2564   10139.350248
2566   10161.380403
2568   10183.447224
2570   10205.553330
2572   10227.698721
2574   10249.881302
2576   10272.102644
2578   10294.362572
2580   10316.661786
2582   10338.998888
2584   10361.374052
2586   10383.789200
2588   10406.242237
2590   10428.734034
2592   10451.266339
2594   10473.835309
2596   10496.444962
2598   10519.093201
2600   10541.780026
2602   10564.506835
2604   10587.272405
2606   10610.077784
2608   10632.920528
2610   10655.805175
2612   10678.727187
2614   10701.689008
2616   10724.691685
2618   10747.732774
2620   10770.813322
2622   10793.933156
2624   10817.093497
2626   10840.293995
2628   10863.532906
2630   10886.813197
2632   10910.132948
2634   10933.491809
2636   10956.891352
2638   10980.330179
2640   11003.809514
2642   11027.329007
2644   11050.889008
2646   11074.489690
2648   11098.129657
2650   11121.810305
2652   11145.531636
2654   11169.292775
2656   11193.094597
2658   11216.937623
2660   11240.820808
2662   11264.745199
2664   11288.709572
2666   11312.713755
2668   11336.759318
2670   11360.847658
2672   11384.974409
2674   11409.143938
2676   11433.353450
2678   11457.604168
2680   11481.896266
2682   11506.229570
2684   11530.602857
2686   11555.018746
2688   11579.476016
2690   11603.973094
2692   11628.512950
2694   11653.095407
2696   11677.717674
2698   11702.381495
2700   11727.087745
2702   11751.833977
2704   11776.622987
2706   11801.454424
2708   11826.327242
2710   11851.242836
2712   11876.198240
2714   11901.197468
2716   11926.238251
2718   11951.320239
2720   11976.444830
2722   12001.612023
2724   12026.820422
2726   12052.071598
2728   12077.366773
2730   12102.701756
2732   12128.080914
2734   12153.501103
2736   12178.965465
2738   12204.472255
2740   12230.020600
2742   12255.612770
2744   12281.247542
2746   12306.923519
2748   12332.643671
2750   12358.406250
2752   12384.211606
2754   12410.060787
2756   12435.952745
2758   12461.887130
2760   12487.865690
2762   12513.886677
2764   12539.951838
2766   12566.059427
2768   12592.211015
2770   12618.405380
2772   12644.644966
2774   12670.925758
2776   12697.251946
2778   12723.620737
2780   12750.032129
2782   12776.488744
2784   12802.989357
2786   12829.532573
2788   12856.121185
2790   12882.753796
2792   12909.427612
2794   12936.148047
2796   12962.912306
2798   12989.720740
2800   13016.572997
2802   13043.469429
2804   13070.410907
2806   13097.395163
2808   13124.424640
2810   13151.499338
2812   13178.616813
2814   13205.780732
2816   13232.988824
2818   13260.242138
2820   13287.537880
2822   13314.880415
2824   13342.266949
2826   13369.698704
2828   13397.175855
2830   13424.696831
2832   13452.263203
2834   13479.876018
2836   13507.531610
2838   13535.233821
2840   13562.981253
2842   13590.774081
2844   13618.612130
2846   13646.495576
2848   13674.424243
2850   13702.398131
2852   13730.418637
2854   13758.484540
2856   13786.595663
2858   13814.752183
2860   13842.955147
2862   13871.203506
2864   13899.498484
2866   13927.838683
2868   13956.225674
2870   13984.657888
2872   14013.136544
2874   14041.660772
2876   14070.231443
2878   14098.847510
2880   14127.512639
2882   14156.221943
2884   14184.977864
2886   14213.780404
2888   14242.629388
2890   14271.525164
2892   14300.467558
2894   14329.456571
2896   14358.492202
2898   14387.574451
2900   14416.704715
2902   14445.880200
2904   14475.103526
2906   14504.374867
2908   14533.691603
2910   14563.056355
2912   14592.467551
2914   14621.925364
2916   14651.432590
2918   14680.985036
2920   14710.586895
2922   14740.233800
2924   14769.928895
2926   14799.673228
2928   14829.462781
2930   14859.301572
2932   14889.187156
2934   14919.121802
2936   14949.103241
2938   14979.132695
2940   15009.208592
2942   15039.333902
2944   15069.507052
2946   15099.728216
2948   15129.998793
2950   15160.315813
2952   15190.680848
2954   15221.095295
2956   15251.557583
2958   15282.069107
2960   15312.627250
2962   15343.234805
2964   15373.891597
2966   15404.596229
2968   15435.350273
2970   15466.152157
2972   15497.002231
2974   15527.902765
2976   15558.851138
2978   15589.848924
2980   15620.894725
2982   15651.989762
2984   15683.134037
2986   15714.327724
2988   15745.570648
2990   15776.862809
2992   15808.204208
2994   15839.595018
2996   15871.035065
2998   15902.524350
3000   15934.063046
