 70     199.632897
 72     205.259794
 74     210.884904
 76     216.507334
 78     222.127085
 80     227.745942
 82     233.363012
 84     238.980083
 86     244.595366
 88     250.210650
 90     255.825934
 92     261.442111
 94     267.058288
 96     272.675358
 98     278.293322
100     283.913072
102     289.534609
104     295.158826
106     300.784830
108     306.414406
110     312.046663
112     317.682492
114     323.321895
116     328.964871
118     334.613207
120     340.266010
122     345.923279
124     351.586801
126     357.254789
128     362.929924
130     368.610419
132     374.298060
134     379.991954
136     385.693888
138     391.402968
140     397.120088
142     402.845248
144     408.579341
146     414.321473
148     420.073432
150     425.834323
152     431.605041
154     437.386479
156     443.177743
158     448.979726
160     454.793323
162     460.617639
164     466.453568
166     472.302003
168     478.162051
170     484.035498
172     489.921452
174     495.820805
176     501.733558
178     507.659710
180     513.601048
182     519.555786
184     525.526603
186     531.511713
188     537.512009
190     543.529278
192     549.561733
194     555.611161
196     561.676668
198     567.759147
200     573.859493
202     579.977705
204     586.113783
206     592.267726
208     598.440429
210     604.631892
212     610.843007
214     617.073774
216     623.324194
218     629.595160
220     635.886672
222     642.198730
224     648.531333
226     654.886270
228     661.262645
230     667.661353
232     674.082393
234     680.526660
236     686.993258
238     693.483083
240     699.997920
242     706.535089
244     713.097271
246     719.684465
248     726.296672
250     732.933891
252     739.596122
254     746.285152
256     753.000089
258     759.740930
260     766.509464
262     773.304798
264     780.127823
266     786.978541
268     793.856951
270     800.764840
272     807.700421
274     814.665481
276     821.660020
278     828.684038
280     835.738428
282     842.823190
284     849.938325
286     857.084725
288     864.261497
290     871.471321
292     878.711518
294     885.984766
296     893.300000
298     900.629526
300     908.001038
302     915.406495
304     922.845897
306     930.319245
308     937.826538
310     945.369564
312     952.946534
314     960.560130
316     968.208565
318     975.893625
320     983.614417
322     991.371834
324     999.166770
326    1006.999224
328    1014.869197
330    1022.776689
332    1030.722592
334    1038.706014
336    1046.729635
338    1054.792561
340    1062.894792
342    1071.036328
344    1079.218062
346    1087.440889
348    1095.703914
350    1104.008924
352    1112.354133
354    1120.741326
356    1129.170505
358    1137.642562
360    1146.157498
362    1154.715312
364    1163.316004
366    1171.960468
368    1180.648704
370    1189.381605
372    1198.159171
374    1206.980508
376    1215.848297
378    1224.761645
380    1233.720551
382    1242.725015
384    1251.776823
386    1260.874191
388    1270.020689
390    1279.212746
392    1288.453935
394    1297.742468
396    1307.079240
398    1316.465143
400    1325.900178
402    1335.383450
404    1344.917641
406    1354.500964
408    1364.135204
410    1373.818576
412    1383.554653
414    1393.340754
416    1403.178667
418    1413.068392
420    1423.011714
422    1433.005954
424    1443.053793
426    1453.153442
428    1463.308477
430    1473.516216
432    1483.777553
434    1494.093381
436    1504.465488
438    1514.891192
440    1525.373174
442    1535.909648
444    1546.502399
446    1557.152322
448    1567.857629
450    1578.620107
452    1589.439757
454    1600.317471
456    1611.253250
458    1622.247093
460    1633.299000
462    1644.409866
464    1655.580582
466    1666.809363
468    1678.098889
470    1689.448265
472    1700.858386
474    1712.329251
476    1723.860861
478    1735.453215
480    1747.108100
482    1758.824623
484    1770.603677
486    1782.445262
488    1794.348484
490    1806.316918
492    1818.347882
494    1830.443164
496    1842.602764
498    1854.826681
500    1867.114916
502    1889.869946
504    1902.526221
506    1915.228947
508    1927.976338
510    1940.771074
512    1953.611368
514    1966.500794
516    1979.435778
518    1992.419893
520    2005.451354
522    2018.531052
524    2031.660776
526    2044.839630
528    2058.066724
530    2071.344735
532    2084.673664
534    2098.051725
536    2111.481597
538    2124.962387
540    2138.495882
542    2152.080295
544    2165.717413
546    2179.408129
548    2193.150656
550    2206.946781
552    2220.797398
554    2234.702506
556    2248.661212
558    2262.674409
560    2276.744777
562    2290.868743
564    2305.049881
566    2319.286403
568    2333.580096
570    2347.930961
572    2362.338103
574    2376.804203
576    2391.327475
578    2405.908811
580    2420.549998
582    2435.249249
584    2450.009245
586    2464.827305
588    2479.707004
590    2494.646553
592    2509.647740
594    2524.708778
596    2539.831453
598    2555.017553
600    2570.263504
602    2585.574666
604    2600.947466
606    2616.383690
608    2631.883338
610    2647.448198
612    2663.075588
614    2678.769082
616    2694.526894
618    2710.349917
620    2726.239937
622    2742.195169
624    2758.217398
626    2774.306624
628    2790.461954
630    2806.686069
632    2822.977181
634    2839.337077
636    2855.765758
638    2872.262329
640    2888.828577
642    2905.465396
644    2922.171000
646    2938.947174
648    2955.794812
650    2972.713914
652    2989.702693
654    3006.764723
656    3023.898217
658    3041.104962
660    3058.383170
662    3075.735523
664    3093.161126
666    3110.660873
668    3128.234764
670    3145.882799
672    3163.605871
674    3181.403980
676    3199.278913
678    3217.228883
680    3235.255677
682    3253.359295
684    3271.538843
686    3289.797002
688    3308.131984
690    3326.546470
692    3345.037780
694    3363.608594
696    3382.258912
698    3400.988733
700    3419.798057
702    3438.687779
704    3457.657898
706    3476.708414
708    3495.841113
710    3515.055103
712    3534.351276
714    3553.729633
716    3573.191067
718    3592.734684
720    3612.362272
722    3632.073830
724    3651.869358
726    3671.748856
728    3691.713218
730    3711.762443
732    3731.898318
734    3752.119057
736    3772.425553
738    3792.820485
740    3813.301174
742    3833.869406
744    3854.525182
746    3875.268502
748    3896.100258
750    3917.021344
752    3938.030866
754    3959.128826
756    3980.318795
758    4001.597201
760    4022.966724
762    4044.426470
764    4065.977332
766    4087.621098
768    4109.355087
770    4131.181979
772    4153.100881
774    4175.113580
776    4197.219181
778    4219.417686
780    4241.710881
782    4264.097873
784    4286.579554
786    4309.156818
788    4331.829665
790    4354.597202
792    4377.461216
794    4400.421706
796    4423.478672
798    4446.633901
800    4469.885607
802    4493.235576
804    4516.683807
806    4540.230302
808    4563.875060
810    4587.619867
812    4611.464724
814    4635.408737
816    4659.452800
818    4683.598699
820    4707.844648
822    4732.192432
824    4756.640267
826    4781.191724
828    4805.845911
830    4830.602827
832    4855.461579
834    4880.425741
836    4905.491739
838    4930.663147
840    4955.938177
842    4981.318616
844    5006.804465
846    5032.395724
848    5058.092391
850    5083.896255
852    5109.806422
854    5135.822891
856    5161.948343
858    5188.179204
860    5214.519941
862    5240.967874
864    5267.525683
866    5294.191582
868    5320.968249
870    5347.853006
872    5374.849425
874    5401.955720
876    5429.172785
878    5456.501512
880    5483.941901
882    5511.493060
884    5539.157667
886    5566.934831
888    5594.823657
890    5622.826825
892    5650.943443
894    5679.174403
896    5707.519705
898    5735.980243
900    5764.554230
902    5793.245239
904    5822.052378
906    5850.974752
908    5880.012362
910    5909.168780
912    5938.442221
914    5967.832685
916    5997.340170
918    6026.968251
920    6056.713355
922    6086.577267
924    6116.560882
926    6146.664198
928    6176.887217
930    6207.230832
932    6237.695042
934    6268.280740
936    6298.987928
938    6329.815711
940    6360.767662
942    6391.840210
944    6423.036925
946    6454.356023
948    6485.799290
950    6517.364939
952    6549.056543
954    6580.871423
956    6612.813151
958    6644.879047
960    6677.070006
962    6709.386920
964    6741.831576
966    6774.402188
968    6807.099648
970    6839.924849
972    6872.877793
974    6905.959372
976    6939.168693
978    6972.506649
980    7005.973240
982    7039.571146
984    7073.297688
986    7107.154651
988    7141.142929
990    7175.261630
992    7209.511645
994    7243.892082
996    7278.406514
998    7313.053155
1000    7347.831110
1002    7382.743061
1004    7417.788113
1006    7452.967160
1008    7488.279309
1010    7523.727240
1012    7559.309166
1014    7595.026873
1016    7630.879468
1018    7666.868739
1020    7702.993791
1022    7739.254624
1024    7775.653920
1026    7812.189889
1028    7848.862534
1030    7885.673641
1032    7922.624102
1034    7959.712131
1036    7996.940409
1038    8034.307148
1040    8071.813242
1042    8109.460477
1044    8147.247067
1046    8185.175692
1048    8223.244564
1050    8261.455472
1052    8299.807521
1054    8338.302498
1056    8376.939509
1058    8415.719449
1060    8454.643210
1062    8493.709899
1064    8532.921302
1066    8572.276527
1068    8611.776466
1070    8651.421120
1072    8691.212276
1074    8731.148145
1076    8771.230516
1078    8811.459389
1080    8851.834762
1082    8892.356637
1084    8933.026799
1086    8973.841676
1088    9014.808414
1090    9055.927013
1092    9097.188540
1094    9138.601928
1096    9180.167177
1098    9221.875354
1100    9263.744325
1102    9305.756224
1104    9347.919984
1106    9390.235605
1108    9432.703087
1110    9475.322430
1112    9518.093634
1114    9561.016699
1116    9604.100558
1118    9647.327345
1120    9690.714926
1122    9734.254368
1124    9777.945671
1126    9821.797768
1128    9865.801726
1130    9909.957545
1132    9954.274158
1134    9998.742632
1136   10043.371900
1138   10088.161962
1140   10133.094952
1142   10178.206602
1144   10223.470113
1146   10268.876552
1148   10314.452718
1150   10360.189678
1152   10406.078499
1154   10452.137047
1156   10498.347456
1158   10544.727592
1160   10591.268522
1162   10637.970246
1164   10684.823831
1166   10731.847143
1168   10779.022316
1170   10826.367216
1172   10873.881843
1174   10921.548331
1176   10969.384546
1178   11017.390488
1180   11065.548291
1182   11113.884754
1184   11162.373078
1186   11211.031129
1188   11259.858907
1190   11308.847479
1192   11358.005778
1194   11407.324871
1196   11456.822624
1198   11506.481171
1200   11556.309445
1202   11606.298513
1204   11656.466241
1206   11706.794763
1208   11757.310878
1210   11807.978854
1212   11858.825490
1214   11909.832920
1216   11961.010077
1218   12012.374827
1220   12063.900371
1222   12115.595642
1224   12167.469573
1226   12219.504298
1228   12271.726616
1230   12324.109728
1232   12376.671500
1234   12429.411932
1236   12482.322091
1238   12535.410910
1240   12588.669456
1242   12642.097729
1244   12695.713595
1246   12749.499188
1248   12803.463441
1250   12857.597421
1252   12911.918994
1254   12966.419227
1256   13021.089187
1258   13075.937807
1260   13130.965087
1262   13186.171027
1264   13241.555627
1266   13297.127820
1268   13352.869740
1270   13408.799253
1272   13464.907426
1274   13521.194259
1276   13577.659752
1278   13634.312838
1280   13691.144584
1282   13748.163923
1284   13805.361922
1286   13862.747514
1288   13920.302833
1290   13978.045745
1292   14035.985183
1294   14094.103281
1296   14152.408972
1298   14210.893323
1300   14269.565267
1302   14328.425697
1304   14387.471934
1306   14446.696831
1308   14506.120040
1310   14565.720123
1312   14625.509585
1314   14685.503613
1316   14745.667368
1318   14806.027649
1320   14866.574630
1322   14927.302950
1324   14988.234050
1326   15049.353636
1328   15110.660815
1330   15172.155587
1332   15233.846885
1334   15295.726669
1336   15357.792260
1338   15420.063310
1340   15482.522846
1342   15545.170868
1344   15608.013630
1346   15671.053811
1348   15734.283371
1350   15797.714818
1352   15861.327604
1354   15925.136916
1356   15989.157941
1358   16053.360305
1360   16117.767235
1362   16182.360865
1364   16247.160847
1366   16312.149315
1368   16377.342349
1370   16442.722083
1372   16508.317995
1374   16574.099714
1376   16640.078852
1378   16706.273275
1380   16772.646358
1382   16839.232047
1384   16906.015155
1386   16973.003722
1388   17040.180775
1390   17107.570434
1392   17175.158405
1394   17242.950049
1396   17310.948938
1398   17379.134527
1400   17447.532722
1402   17516.139948
1404   17584.940128
1406   17653.949339
1408   17723.160437
1410   17792.579673
1412   17862.212408
1414   17932.042562
1416   18002.076389
1418   18072.317461
1420   18142.762206
1422   18213.422236
1424   18284.287725
1426   18355.358673
1428   18426.635080
1430   18498.125879
1432   18569.821244
1434   18641.731894
1436   18713.839963
1438   18786.171357
1440   18858.706424
1442   18931.438017
1444   19004.403654
1446   19077.564031
1448   19150.950412
1450   19224.549399
1452   19298.344019
1454   19372.363750
1456   19446.588047
1458   19521.034776
1460   19595.688750
1462   19670.563370
1464   19745.638088
1466   19820.950425
1468   19896.461074
1470   19972.186115
1472   20048.135374
1474   20124.298132
1476   20200.684215
1478   20277.266824
1480   20354.082584
1482   20431.110950
1484   20508.362641
1486   20585.831403
1488   20663.520811
1490   20741.416571
1492   20819.544589
1494   20897.895039
1496   20976.451841
1498   21055.242687
1500   21134.235420
1502   21224.728496
1504   21308.197555
1506   21391.872966
1508   21475.745796
1510   21559.831232
1512   21644.123913
1514   21728.611334
1516   21813.306000
1518   21898.213272
1520   21983.326003
1522   22068.654019
1524   22154.180347
1526   22239.927321
1528   22325.888687
1530   22412.057298
1532   22498.439408
1534   22585.035910
1536   22671.855737
1538   22758.889956
1540   22846.137674
1542   22933.611396
1544   23021.296831
1546   23109.215417
1548   23197.339462
1550   23285.704698
1552   23374.275393
1554   23463.088172
1556   23552.113557
1558   23641.372093
1560   23730.845914
1562   23820.568073
1564   23910.506410
1566   24000.675219
1568   24091.077179
1570   24181.721223
1572   24272.586806
1574   24363.685540
1576   24455.016532
1578   24546.596755
1580   24638.401196
1582   24730.456654
1584   24822.742584
1586   24915.271491
1588   25008.031763
1590   25101.050199
1592   25194.302679
1594   25287.795457
1596   25381.547292
1598   25475.531385
1600   25569.765602
1602   25664.249943
1604   25758.976368
1606   25853.951131
1608   25949.184951
1610   26044.669788
1612   26140.396709
1614   26236.381794
1616   26332.626829
1618   26429.119309
1630   27013.507236
1632   27111.815794
1634   27210.390556
1636   27309.227054
1638   27408.319930
1640   27507.691515
1642   27607.319478
1644   27707.219003
1646   27807.383839
1648   27907.818451
1650   28008.528200
1652   28109.505939
1654   28210.763280
1656   28312.277892
1658   28414.087293
1660   28516.154858
1662   28618.501132
1664   28721.129689
1666   28824.037849
1668   28927.225612
1670   29030.685832
1672   29134.425654
1674   29238.458479
1676   29342.760187
1678   29447.358470
1680   29552.239930
1682   29657.407246
1684   29762.854164
1686   29868.594085
1688   29974.620756
1690   30080.922562
1692   30187.538811
1694   30294.430195
1696   30401.625302
1698   30509.106265
1700   30616.884696
1702   30724.944517
1704   30833.329500
1706   30941.982472
1708   31050.946313
1710   31160.206729
1712   31269.779800
1714   31379.629795
1716   31489.799590
1718   31600.262388
1720   31711.042308
1722   31822.105404
1724   31933.501700
1726   32045.181173
1728   32157.184914
1730   32269.487910
1732   32382.097308
1734   32495.021147
1736   32608.264788
1738   32721.811258
1740   32835.662343
1742   32949.843056
1744   33064.330170
1746   33179.134406
1748   33294.265590
1750   33409.697816
1752   33525.459670
1754   33641.544898
1756   33757.940995
1758   33874.666719
1760   33991.710459
1762   34109.080252
1764   34226.771634
1766   34344.796217
1768   34463.137027
1770   34581.812826
1772   34700.819145
1774   34820.145266
1776   34939.812627
1778   35059.799790
1780   35180.128193
1782   35300.776398
1784   35421.775669
1786   35543.102782
1788   35664.770242
1790   35786.768223
1792   35909.113698
1794   36031.793267
1796   36154.806930
1798   36278.164513
1800   36401.875844
1802   36525.912335
1804   36650.295427
1806   36775.036733
1808   36900.104986
1810   37025.534132
1812   37151.300946
1814   37277.425973
1816   37403.901173
1818   37530.714041
1820   37657.892269
1822   37785.409951
1824   37913.286739
1826   38041.520847
1828   38170.108702
1830   38299.041371
1832   38428.355479
1834   38558.007255
1836   38688.027070
1838   38818.397058
1840   38949.139553
1842   39080.232221
1844   39211.697396
1846   39343.533290
1848   39475.713104
1850   39608.271678
1852   39741.183998
1854   39874.482224
1856   40008.137770
1858   40142.167609
1860   40276.566380
1862   40411.335871
1864   40546.477869
1866   40681.990585
1868   40817.877595
1870   40954.143363
1872   41090.791464
1874   41227.803138
1876   41365.204291
1878   41502.976164
1880   41641.126795
1882   41779.668692
1884   41918.585775
1886   42057.884297
1888   42197.571405
1890   42337.640845
1892   42478.094404
1894   42618.932975
1896   42760.163705
1898   42901.776768
1900   43043.784669
1902   43186.177582
1904   43328.972480
1906   43472.148818
1908   43615.730713
1910   43759.694941
1912   43904.050435
1914   44048.818633
1916   44193.971843
1918   44339.527038
1920   44485.473499
1922   44631.833558
1924   44778.583988
1926   44925.744444
1928   45073.299738
1930   45221.267736
1932   45369.634147
1934   45518.396289
1936   45667.587215
1938   45817.170300
1940   45967.162517
1942   46117.559398
1944   46268.376130
1946   46419.601994
1948   46571.250389
1950   46723.297195
1952   46875.766532
1954   47028.644108
1956   47181.945107
1958   47335.661491
1960   47489.783434
1962   47644.342200
1964   47799.312777
1966   47954.702312
1968   48110.521524
1970   48266.759694
1972   48423.416822
1974   48580.503627
1976   48738.020109
1978   48895.954656
1980   49054.319773
1982   49213.110101
1984   49372.322960
1986   49531.982469
1988   49692.071656
1990   49852.589626
1992   50013.544420
1994   50174.927998
1996   50336.741253
1998   50499.001159
2000   50661.696994
2002   50824.821614
2004   50988.393777
2006   51152.404550
2008   51316.852147
2010   51481.745501
2012   51647.078358
2014   51812.855186
2016   51979.081343
2018   52145.753257
2020   52312.872714
2022   52480.428102
2024   52648.449792
2026   52816.907413
2028   52985.812577
2030   53155.184044
2032   53324.997694
2034   53495.262460
2036   53665.989956
2038   53837.164102
2040   54008.800978
2042   54180.895223
2044   54353.436118
2046   54526.460288
2048   54699.921282
2050   54873.848579
2052   55048.245751
2054   55223.100293
2056   55398.411311
2058   55574.185952
2060   55750.440295
2062   55927.161834
2064   56104.330023
2066   56281.992207
2068   56460.108188
2070   56638.703870
2072   56817.756922
2074   56997.293249
2076   57177.299452
2078   57357.783571
2080   57538.737565
2082   57720.175728
2084   57902.076621
2086   58084.475975
2088   58267.345204
2090   58450.684310
2092   58634.514730
2094   58818.828426
2096   59003.605744
2098   59188.887777
2100   59374.646832
2102   59560.896309
2104   59747.629954
2106   59934.846875
2108   60122.561364
2110   60310.753768
2112   60499.449994
2114   60688.630388
2116   60878.307457
2118   61068.469587
2120   61259.121247
2122   61450.278514
2124   61641.932455
2126   61834.076819
2128   62026.733043
2130   62219.879689
2132   62413.523904
2134   62607.672832
2136   62802.312183
2138   62997.468754
2140   63193.123786
2142   63389.276387
2144   63585.939062
2146   63783.120744
2148   63980.792848
2150   64178.975919
2152   64377.684251
2154   64576.889258
2156   64776.606126
2158   64976.841107
2160   65177.579910
2162   65378.843973
2164   65580.611858
2166   65782.904109
2168   65985.715368
2170   66189.037594
2172   66392.877041
2174   66597.248895
2176   66802.124570
2178   67007.531759
2180   67213.471354
2182   67419.914771
2184   67626.903101
2186   67834.403291
2188   68042.427849
2190   68250.976773
2192   68460.071504
2194   68669.697749
2196   68879.834961
2198   69090.510833
2200   69301.725365
2202   69513.470517
2204   69725.748076
2206   69938.557148
2208   70151.903987
2210   70365.783233
2212   70580.214538
2214   70795.176464
2216   71010.684195
2218   71226.730587
2220   71443.308492
2222   71660.438457
2224   71878.107081
2226   72096.320618
2228   72315.092468
2230   72534.396725
2232   72754.252148
2234   72974.660523
2236   73195.620958
2238   73417.119160
2240   73639.176567
2242   73861.778887
2244   74084.940413
2246   74308.661145
2248   74532.933043
2250   74757.757894
2252   74983.141057
2254   75209.082533
2256   75435.584108
2258   75662.650248
2260   75890.269341
2262   76118.453000
2264   76347.203011
2266   76576.505081
2268   76806.379757
2270   77036.827038
2272   77267.832631
2274   77499.411723
2276   77731.562527
2278   77964.265390
2280   78197.540859
2282   78431.402333
2284   78665.835518
2286   78900.828803
2288   79136.408092
2290   79372.552840
2292   79609.276447
2294   79846.586059
2296   80084.469169
2298   80322.937390
2300   80561.964818
2302   80801.592543
2304   81041.791980
2306   81282.571168
2308   81523.950655
2310   81765.901853
2312   82008.439056
2314   82251.569410
2316   82495.292916
2318   82739.581880
2320   82984.470249
2322   83229.958915
2324   83476.026440
2326   83722.694262
2328   83969.961489
2330   84217.814720
2332   84466.261103
2334   84715.306890
2336   84964.946721
2338   85215.185064
2340   85466.030850
2342   85717.461748
2344   85969.506343
2346   86222.137836
2348   86475.395532
2350   86729.240127
2352   86983.697525
2354   87238.761474
2356   87494.418574
2358   87750.688478
2360   88007.565826
2362   88265.062231
2364   88523.158934
2366   88781.869333
2368   89041.193430
2370   89301.130331
2372   89561.721127
2374   89822.830930
2376   90084.662520
2378   90347.018477
2380   90610.098007
2382   90873.715303
2384   91137.952550
2386   91402.809747
2388   91668.301187
2390   91934.413470
2392   92201.247540
2394   92468.605977
2396   92736.598657
2398   93005.212180
2400   93274.459053
2402   93544.318730
2404   93814.812650
2406   94086.015850
2408   94357.763963
2410   94630.124880
2412   94903.208477
2414   95176.824480
2416   95451.162270
2418   95726.120010
2420   96001.697700
2422   96277.910527
2424   96554.742410
2426   96832.289827
2428   97110.376797
2430   97389.171260
2432   97668.599967
2434   97948.649517
2436   98229.413707
2438   98510.710303
2440   98792.728687
2442   99075.367913
2444   99358.722673
2446   99642.615200
2448   99927.217007
2450   100212.541493
2452   100498.396600
2454   100784.872550
2456   101072.159617
2458   101359.985343
2460   101648.607893
2462   101937.680667
2464   102227.557410
2466   102518.054103
2468   102809.273477
2470   103101.024363
2472   103393.580113
2474   103686.673630
2476   103980.387097
2478   104274.911680
2480   104569.968670
2482   104865.918067
2484   105162.309647
2486   105459.513237
2488   105757.248340
2490   106055.793667
2492   106354.871400
2494   106654.745957
2496   106955.254757
2498   107256.295070
2500   107558.234937
2502   107860.706317
2504   108163.894123
2506   108467.789423
2508   108772.408297
2510   109077.557790
2512   109383.512147
2514   109690.093600
2516   109997.390587
2518   110305.395960
2520   110614.035577
2522   110923.383580
2524   111233.358680
2526   111544.049313
2528   111855.544810
2530   112167.482490
2532   112480.313470
2534   112793.777800
2536   113107.951410
2538   113422.744970
2540   113738.349647
2542   114054.581420
2544   114371.515327
2546   114689.178167
2548   115007.549393
2550   115326.548610
2552   115646.351797
2554   115966.685603
2556   116287.919857
2558   116609.685623
2560   116932.255360
2562   117255.453087
2564   117579.453890
2566   117904.081790
2568   118229.418970
2570   118555.560120
2572   118882.328367
2574   119209.819293
2576   119538.005207
2578   119866.926307
2580   120196.638870
2582   120526.897240
2584   120857.945287
2586   121189.810703
2588   121522.304110
2590   121855.505903
2592   122189.416977
2594   122524.049836
2596   122859.473267
2598   123195.538087
2600   123532.311293
2602   123869.888470
2604   124208.188326
2606   124547.196570
2608   124886.914093
2610   125227.258713
2612   125568.501993
2614   125910.373263
2616   126253.035103
2618   126596.418730
2620   126940.525036
2622   127285.340623
2624   127630.945887
2626   127977.192540
2628   128324.147580
2630   128672.003067
2632   129020.484756
2634   129369.757017
2636   129719.751957
2638   130070.550867
2640   130421.976873
2642   130774.207743
2644   131127.147000
2646   131480.808043
2648   131835.273950
2650   132190.530427
2652   132546.508690
2654   132903.210527
2656   133260.524273
2658   133618.738467
2660   133977.757523
2662   134337.402783
2664   134697.934197
2666   135059.092707
2668   135420.973003
2670   135783.835037
2672   136147.229477
2674   136511.509177
2676   136876.511557
2678   137242.141033
2680   137608.751354
2682   137976.084353
2684   138344.031050
2686   138712.781717
2688   139082.431937
2690   139452.709253
2692   139823.777140
2694   140195.662397
2696   140568.256933
2698   140941.751916
2700   141315.858810
2702   141690.866150
2704   142066.500587
2706   142443.034576
2708   142820.358243
2710   143198.309900
2712   143577.161110
2714   143956.816290
2716   144337.179857
2718   144718.266996
2720   145100.239397
2722   145482.933583
2724   145866.419233
2726   146250.722253
2728   146635.734553
2730   147021.633007
2732   147408.171957
2734   147795.678350
2736   148183.907423
2738   148572.858283
2740   148962.681897
2742   149353.146007
2744   149744.510563
2746   150136.746980
2748   150529.623893
2750   150923.386960
2752   151317.967396
2754   151713.339297
2756   152109.432983
2758   152506.412823
2760   152904.101050
2762   153302.703123
2764   153701.918000
2766   154102.019923
2768   154503.020507
2770   154904.743770
2772   155307.257604
2774   155710.670990
2776   156114.807057
2778   156519.733693
2780   156925.559884
2782   157332.107860
2784   157739.542883
2786   158147.686293
2788   158556.729257
2790   158966.480607
2792   159377.227093
2794   159788.682860
2796   160200.942596
2798   160614.088487
2800   161027.957057
2802   161442.629596
2804   161858.187397
2806   162274.645643
2808   162691.812277
2810   163109.797173
2812   163528.572640
2814   163948.247660
2816   164368.808833
2818   164790.091793
2820   165212.260907
2822   165635.234884
2824   166059.026230
2826   166483.608147
2828   166909.089616
2830   167335.361657
2832   167762.451960
2834   168190.440923
2836   168619.221350
2838   169048.982620
2840   169479.371880
2842   169910.755383
2844   170342.847273
2846   170775.826210
2848   171209.703807
2850   171644.372867
2852   172079.859297
2854   172516.149697
2856   172953.421833
2858   173391.403250
2860   173830.283327
2862   174270.145140
2864   174710.716233
2866   175152.104696
2868   175594.379313
2870   176037.540083
2872   176481.599513
2874   176926.369117
2876   177372.132963
2878   177818.605196
2880   178266.141350
2882   178714.318000
2884   179163.462987
2886   179613.506633
2888   180064.272960
2890   180516.007623
2892   180968.559657
2894   181421.997843
2896   181876.321290
2898   182331.463893
2900   182787.491757
2902   183244.419173
2904   183702.137160
2906   184160.768100
2908   184620.271793
2910   185080.593750
2912   185541.896550
2914   186004.004213
2916   186466.997137
2918   186930.889613
2920   187395.586953
2922   187861.169553
2924   188327.652600
2926   188795.020907
2928   189263.289660
2930   189732.457073
2932   190202.415950
2934   190673.273487
2936   191145.113653
2938   191617.756897
2940   192091.396170
2942   192565.729537
2944   193041.058933
2946   193517.191406
2948   193994.293110
2950   194472.306873
2952   194951.206790
2954   195430.992860
2956   195911.583794
2958   196393.168970
2960   196875.640300
2962   197358.916493
2964   197843.077947
2966   198328.315827
2968   198814.277280
2970   199301.300867
2972   199789.048027
2974   200277.775136
2976   200767.389293
2978   201257.903003
2980   201749.397556
2982   202241.696973
2984   202734.977233
2986   203229.143647
2988   203724.128323
2990   204220.176026
2992   204717.027700
2994   205214.861110
2996   205713.498490
2998   206213.117607
3000   206713.635383
