 70   18921.527243
 72   19737.313356
 74   20565.946494
 76   21403.144316
 78   22253.189164
 80   23113.939866
 82   23987.537593
 84   24869.700004
 86   25764.709440
 88   26670.424730
 90   27586.845876
 92   28513.972875
 94   29453.946900
 96   30404.626780
 98   31366.012514
100   32338.104103
102   33323.042717
104   34318.687185
106   35325.037508
108   36344.234857
110   37374.138060
112   38412.605946
114   39461.779687
116   40523.800453
118   41596.527074
120   42682.100721
122   43778.380221
124   44889.647918
126   46011.621470
128   47144.300876
130   48291.968479
132   49452.483106
134   50623.703589
136   51809.912267
138   53006.826800
140   54216.588359
142   55439.196943
144   56676.793723
146   57929.378700
148   59194.810701
150   60475.230900
152   61770.639294
154   63081.035885
156   64406.420672
158   65748.934826
160   67104.296006
162   68476.786553
164   69862.124125
166   71266.732236
168   72686.328542
170   74123.054216
172   75576.909257
174   77050.034836
176   78540.289783
178   80047.674097
180   81574.328948
182   83120.254338
184   84683.309095
186   86265.634390
188   87867.230223
190   89490.237766
192   91130.374675
194   92794.064464
196   94477.024792
198   96181.396828
200   97909.321744
202   99656.517199
204   101429.406704
206   103221.566747
208   105039.420841
210   106880.827815
212   108743.646498
214   110630.018061
216   112542.083675
218   114479.843339
220   116441.155884
222   118430.303650
224   120443.004296
226   122485.681334
228   124551.911253
230   126648.117564
232   128772.159097
234   130924.035851
236   133103.747828
238   135311.295026
240   137548.818616
242   139816.318599
244   142113.794975
246   144441.247743
248   146802.959246
250   149194.647141
252   151618.452600
254   154076.516793
256   156566.698550
258   159091.139041
260   161649.838266
262   164240.655055
264   166867.871750
266   169529.347178
268   172229.363683
270   174963.638923
272   177736.455238
274   180547.812630
276   183397.711098
278   186286.150642
280   189213.131262
282   192180.794129
284   195191.280415
286   198238.166606
288   201327.876214
290   204460.409241
292   207635.765686
294   210853.945548
296   214117.090000
298   217425.199040
300   220778.272670
302   224178.452059
304   227623.596037
306   231117.986946
308   234659.483615
310   238250.227214
312   241888.076573
314   245575.172863
316   249311.516083
318   253101.388576
320   256942.649171
322   260837.439038
324   264785.758178
326   268787.606590
328   272845.125445
330   276958.314744
332   281129.315657
334   285355.987014
336   289638.328814
338   293978.482228
340   298378.588428
342   302838.647412
344   307358.659182
346   311942.906079
348   316587.105761
350   321297.681741
352   326072.492848
354   330911.539082
356   335816.961614
358   340788.760444
360   345829.076743
362   350935.769339
364   356110.979404
366   361356.848109
368   366675.516625
370   372064.843780
372   377529.111917
374   383068.321035
376   388680.329964
378   394371.562216
380   400137.735450
382   405983.132007
384   411907.751887
386   417909.453920
388   423992.520447
390   430156.951468
392   436402.746983
394   442736.330506
396   449153.419693
398   455658.296887
400   462250.962088
402   468931.415296
404   475703.938853
406   482566.391587
408   489520.914671
410   496569.649274
412   503708.313054
414   510943.329525
416   518276.839858
418   525706.702881
420   533237.200936
422   540868.334024
424   548602.243314
426   556438.928808
428   564380.531676
430   572429.193090
432   580582.771877
434   588847.691551
436   597217.528599
438   605698.706534
440   614291.225356
442   622997.226235
444   631818.850343
446   640758.238850
448   649815.391757
450   658992.450235
452   668291.555454
454   677712.707414
456   687260.188457
458   696931.857412
460   706729.855450
462   716652.041401
464   726702.697605
466   736886.106406
468   747204.408973
470   757657.605307
472   768247.836578
474   778975.102787
476   789845.827446
478   800855.728214
480   812011.228603
482   823312.328613
484   834761.169416
486   846353.468668
488   858095.649884
490   869989.854234
492   882038.222888
494   894245.038189
496   906608.158965
498   919131.867559
500   931818.305142
502   944669.612884
504   957685.790785
506   970868.980016
508   984223.462919
510   997749.239495
512   1011444.168571
514   1025312.532490
516   1039360.754765
518   1053586.694225
520   1067996.774382
522   1082590.995236
524   1097371.497959
526   1112342.564892
528   1127502.054864
530   1142856.391388
532   1158405.574463
534   1174151.745262
536   1190092.762613
538   1206230.767686
540   1222574.325166
542   1239123.435052
544   1255882.379686
546   1272853.300239
548   1290038.337883
550   1307441.774958
552   1325063.611465
554   1342908.129746
556   1360977.470971
558   1379273.776311
560   1397799.186938
562   1416551.561680
564   1435537.324050
566   1454762.897562
568   1474226.141043
570   1493935.619177
572   1513891.331965
574   1534095.420578
576   1554552.167356
578   1575263.713472
580   1596232.200096
582   1617461.909569
584   1638952.841892
586   1660707.138236
588   1682724.798601
590   1705014.387670
592   1727580.187785
594   1750424.340117
596   1773548.985837
598   1796960.548458
600   1820661.169150
602   1844652.989084
604   1868938.149432
606   1893523.073706
608   1918409.903077
610   1943600.778715
612   1969089.277109
614   1994890.386454
616   2021004.106750
618   2047439.002682
620   2074195.074248
622   2101278.744962
624   2128690.014824
626   2156433.166175
628   2184514.622529
630   2212936.525055
632   2241701.014926
634   2270812.374482
636   2300266.321383
638   2330069.279140
640   2360229.812437
642   2390752.203617
644   2421642.876191
646   2452906.112502
648   2484544.053720
650   2516563.123359
652   2548965.462589
654   2581755.353751
656   2614939.220359
658   2648519.203584
660   2682499.585767
662   2716876.084567
664   2751663.688179
666   2786862.396604
668   2822482.915696
670   2858525.245456
672   2894995.809396
674   2931898.889857
676   2969238.769182
678   3007019.729713
680   3045248.194961
682   3083926.306099
684   3123060.486638
686   3162644.313067
688   3202684.208897
690   3243193.021154
692   3284179.314522
694   3325645.230171
696   3367595.050444
698   3410037.340024
700   3452976.381252
702   3496416.456471
704   3540363.989194
706   3584823.261761
708   3629800.697687
710   3675300.579312
712   3721312.200782
714   3767856.973806
716   3814941.321897
718   3862573.809739
720   3910754.437330
722   3959496.051698
724   4008798.652841
726   4058670.805444
728   4109118.933019
730   4160147.317908
732   4211762.383623
734   4263970.553678
736   4316769.686901
738   4370164.065634
740   4424170.819245
742   4478794.230075
744   4534042.862808
746   4589920.999785
748   4646439.346861
750   4703600.045208
752   4761411.659508
754   4819882.754445
756   4879015.471190
758   4938818.374427
760   4999300.028840
762   5060439.022718
764   5122271.755968
766   5184800.369761
768   5248035.569951
770   5311985.921221
772   5376655.705914
774   5442053.488712
776   5508187.834301
778   5575065.166191
780   5642694.049068
782   5711080.906443
784   5780234.303000
786   5850149.956398
788   5920838.572491
790   5992315.139474
792   6064590.363204
794   6137670.667192
796   6211564.616122
798   6286280.774677
800   6361827.707542
802   6438211.838229
804   6515443.872592
806   6593530.234144
808   6672479.487568
810   6752298.056379
812   6832968.811207
814   6914526.010788
816   6996982.502147
818   7080346.849968
820   7164625.477762
822   7249833.373728
824   7335974.820206
826   7423062.664222
828   7511103.329288
830   7600109.662430
832   7690085.945990
834   7781047.168163
836   7872989.046610
838   7965924.428353
840   8059868.301591
842   8154837.795689
844   8250837.192991
846   8347877.199350
848   8445970.661791
850   8545128.286170
852   8645356.495999
854   8746668.138304
856   8849071.777767
858   8952578.120244
860   9057197.871589
862   9162903.196580
864   9269743.342148
866   9377729.014148
868   9486873.059605
870   9597188.325544
872   9708683.376648
874   9821371.059944
876   9935264.222457
878   10050371.428870
880   10166709.808551
882   10284285.785012
884   10403112.205278
886   10523180.504666
888   10644505.671373
890   10767117.681791
892   10891029.382945
894   11016257.904202
896   11142813.951418
898   11270712.512787
900   11399964.294166
902   11530582.142578
904   11662583.187392
906   11795975.993292
908   11930777.689643
910   12066998.982301
912   12204650.577120
914   12343749.603468
916   12484308.908369
918   12626343.480021
920   12769861.883106
922   12914883.388163
924   13061416.559875
926   13209476.386439
928   13359075.714880
930   13510229.533395
932   13662950.689009
934   13817252.028746
936   13973105.717386
938   14130526.743125
940   14289575.058748
942   14450261.370109
944   14612607.088918
946   14776625.062200
948   14942334.560493
950   15109750.571993
952   15278888.084897
954   15449766.369742
956   15622398.273555
958   15796805.208043
960   15972997.879062
962   16150969.863099
964   16330763.983572
966   16512397.369849
968   16695889.292466
970   16881254.739621
972   17068510.840680
974   17257676.866182
976   17448769.945495
978   17641807.207984
980   17836805.783018
982   18033782.799964
984   18232757.529359
986   18433717.124178
988   18636682.996131
990   18841702.250977
992   19048789.876912
994   19257969.426817
996   19469258.030058
998   19682677.098345
1000   19898245.902215
1002   20115981.571036
1004   20335905.516517
1006   20558034.868025
1008   20782393.178439
1010   21008997.577128
1012   21237826.652382
1014   21468942.498157
1016   21702366.526162
1018   21938120.148107
1020   22176220.493358
1022   22416693.255966
1024   22659557.706469
1026   22904835.256577
1028   23152545.176827
1030   23402708.878928
1032   23655349.915761
1034   23910485.416693
1036   24168100.393526
1038   24428214.116800
1040   24690892.962812
1042   24956158.343271
1044   25224038.093399
1046   25494553.624905
1048   25767728.490669
1050   26043588.384741
1052   26322156.860002
1054   26603457.469332
1056   26887515.906780
1058   27174353.584057
1060   27463996.195213
1062   27756428.752051
1064   28051715.489699
1066   28349882.102208
1068   28650952.142457
1070   28954955.586839
1072   29261915.988233
1074   29571859.040692
1076   29884808.297094
1078   30200793.733833
1080   30519836.762616
1082   30841963.077496
1084   31167202.654864
1086   31495536.224183
1088   31826993.761845
1090   32161643.785318
1092   32499514.129826
1094   32840632.630588
1096   33185029.263999
1098   33532734.006450
1100   33883772.551992
1102   34238174.877018
1104   34595968.816750
1106   34957184.347580
1108   35321851.445901
1110   35689995.805763
1112   36061553.192040
1114   36436652.074986
1116   36815322.430993
1118   37197596.377624
1120   37583506.032444
1122   37973085.654186
1124   38366365.219244
1126   38763376.845180
1128   39164154.790729
1130   39568731.173455
1132   39977135.969750
1134   40389403.438349
1136   40805544.285106
1138   41225592.768755
1140   41649602.418569
1142   42077607.493283
1144   42509640.110459
1146   42945736.670004
1148   43385927.148310
1150   43830250.086452
1152   44278735.460825
1154   44731419.671332
1156   45188334.835537
1158   45649515.212176
1160   46114992.918810
1162   46584686.590947
1164   47058750.392890
1166   47537225.006888
1168   48020144.691674
1170   48507554.411837
1172   48999486.284941
1174   49495983.134404
1176   49997079.218960
1178   50502817.362028
1180   51013233.963512
1182   51528365.423317
1184   52048254.564863
1186   52572894.964635
1188   53102331.587224
1190   53636641.514780
1192   54175867.570724
1194   54720052.578471
1196   55269237.220271
1198   55823462.178369
1200   56382768.135012
1202   56947200.054790
1204   57516796.478779
1206   58091600.230397
1208   58671651.991890
1210   59256992.445507
1212   59847559.497290
1214   60443500.888033
1216   61044868.005836
1218   61651701.532947
1220   62264048.575125
1222   62881954.096960
1224   63505465.204211
1226   64134624.720296
1228   64769481.892146
1230   65410079.543179
1232   66056464.779154
1234   66708680.423491
1236   67366715.770333
1238   68030617.925442
1240   68700493.947361
1242   69376399.506535
1244   70058377.426381
1246   70746485.518514
1248   71440768.747523
1250   72141278.501509
1252   72848066.168573
1254   73561180.995647
1256   74280672.229662
1258   75006593.399889
1260   75738989.470917
1262   76477796.207621
1264   77223184.903670
1266   77975213.370681
1268   78733930.855583
1270   79499397.311162
1272   80271666.266691
1274   81050791.251441
1276   81836827.935856
1278   82629829.849210
1280   83429852.661944
1282   84236952.044502
1284   85051183.667329
1286   85872551.812765
1288   86701116.433597
1290   87536980.306026
1292   88380203.382838
1294   89230843.475649
1296   90088960.537242
1298   90954610.238061
1300   91827852.530891
1302   92708745.227348
1304   93597346.139044
1306   94493715.218765
1308   95397908.136956
1310   96309986.987570
1312   97229810.453331
1314   98157639.757086
1316   99093545.557476
1318   100037589.948457
1320   100989843.588668
1322   101950368.572066
1324   102919231.274949
1326   103896500.214785
1328   104882237.485531
1330   105876513.745826
1332   106879393.230797
1334   107890940.175571
1336   108911150.297807
1338   109940089.973802
1340   110977904.803178
1342   112024667.585744
1344   113080448.980142
1346   114145321.786180
1348   115219356.662500
1350   116302624.267741
1352   117395199.542884
1354   118497151.005398
1356   119608549.313923
1358   120729471.550611
1360   121859984.091760
1362   123000029.125756
1364   124149814.346176
1366   125309416.835173
1368   126478913.674898
1370   127658384.088676
1372   128847900.876317
1374   130047541.119972
1376   131257384.042966
1378   132477506.727452
1380   133707981.973238
1382   134948891.144820
1384   136200309.183180
1386   137462244.653000
1388   138734778.918776
1390   140018061.862469
1392   141312172.707403
1394   142617192.818074
1396   143933207.841315
1398   145260294.859281
1400   146598541.659977
1402   147948023.184386
1404   149308827.220513
1406   150681032.991684
1408   152064724.003562
1410   153459979.479470
1412   154866619.561054
1414   156284997.541512
1416   157715209.773535
1418   159157346.186299
1420   160611498.850154
1422   162077759.835449
1424   163556223.353702
1426   165046979.334093
1428   166550119.846969
1430   168065736.962680
1432   169593927.033915
1434   171134775.707511
1436   172688246.583563
1438   174254433.873589
1440   175833577.388732
1442   177425775.622852
1444   179031131.352152
1446   180649749.494007
1448   182281730.683449
1450   183927175.555510
1452   185586191.168736
1454   187258873.875816
1456   188945332.876466
1458   190645664.523378
1460   192359975.875096
1462   194088365.425481
1464   195830938.091908
1466   197587794.509409
1468   199359039.595357
1470   201144773.984787
1472   202945100.453899
1474   204760119.637727
1476   206589938.594817
1478   208434653.677857
1480   210294371.945394
1482   212169194.032459
1484   214059222.715257
1486   215964361.641095
1488   217884717.868520
1490   219820610.431995
1492   221772159.237091
1494   223739479.907036
1496   225722690.206231
1498   227721907.899074
1500   229737250.749964
1502   231768836.523302
1504   233816782.983487
1506   235881210.036089
1508   237962231.163166
1510   240059968.411460
1512   242174271.899007
1514   244305535.601252
1516   246453887.988451
1518   248619455.389686
1520   250802366.275210
1522   253002751.256450
1524   255220734.521316
1526   257456446.681235
1528   259710014.065289
1530   261981565.143731
1532   264271228.386817
1534   266579132.264800
1536   268905338.871637
1538   271249974.536409
1540   273613244.811524
1542   275995278.167236
1544   278396209.497311
1546   280816171.554346
1548   283255299.232106
1550   285713723.142017
1552   288191576.036675
1554   290688994.951017
1556   293206110.496468
1558   295743053.284454
1560   298299960.349910
1562   300876433.435051
1564   303473157.714564
1566   306090283.070413
1568   308727965.808072
1570   311386360.091847
1572   314065615.803700
1574   316765891.390279
1576   319487336.733546
1578   322230108.138977
1580   324994357.629707
1582   327780239.370038
1584   330587905.383107
1586   333417511.974387
1588   336269211.167014
1590   339143154.984121
1592   342039501.872355
1594   344958399.572508
1596   347900006.531226
1598   350864472.630472
1600   353851954.175722
1602   356862603.190111
1604   359896573.837942
1606   362954020.283521
1608   366035094.549981
1610   369139950.801627
1612   372268214.333553
1614   375420587.449812
1616   378597245.726420
1618   381798362.598217
1620   385024109.358878
1622   388274663.725586
1624   391550199.133184
1626   394850889.016516
1628   398176906.810423
1630   401528428.090921
1632   404905624.151680
1634   408308672.709886
1636   411737614.447786
1638   415192624.941393
1640   418674025.366343
1642   422181997.722162
1644   425716728.290718
1646   429278399.071537
1648   432867196.346489
1650   436483302.115100
1652   440126904.800408
1654   443798184.260770
1656   447497326.778053
1658   451224518.634127
1660   454979939.687346
1662   458763247.350366
1664   462575176.044807
1666   466415931.323075
1668   470285716.596404
1670   474184735.276032
1672   478113197.196705
1674   482071301.487318
1676   486059255.841448
1678   490077265.811501
1680   494125534.808713
1682   498204266.244320
1684   502313667.811898
1686   506453812.311258
1688   510624905.294806
1690   514827300.055742
1692   519061206.428813
1694   523326842.813452
1696   527624421.185576
1698   531954159.944618
1700   536316271.066498
1702   540710970.809475
1704   545138475.431812
1706   549598999.050597
1708   554092753.641750
1710   558619959.745874
1712   563180559.551355
1714   567775049.809840
1716   572403653.203105
1718   577066596.695263
1720   581764105.109261
1722   586496403.268041
1724   591263718.135720
1726   596066272.394072
1728   600904295.148381
1730   605778006.939252
1732   610687636.871971
1734   615633409.769481
1736   620615083.679472
1738   625632904.836597
1740   630687596.956619
1742   635779421.262390
1744   640908641.117929
1746   646075515.604915
1748   651280305.946198
1750   656523273.364629
1752   661804679.083056
1754   667124784.324330
1756   672483852.452471
1758   677882140.407988
1760   683319911.554900
1762   688797422.833717
1764   694314941.890800
1766   699872725.666657
1768   705471037.525310
1770   711110138.689608
1772   716790288.241229
1774   722511749.544196
1776   728274781.680185
1778   734079648.013219
1780   739926607.624976
1782   745815923.879477
1784   751747855.858400
1786   757722268.667980
1788   763739438.519262
1790   769800052.728104
1792   775904404.634921
1794   782052787.580126
1796   788245490.621789
1798   794482807.100325
1800   800765030.356147
1802   807092447.306155
1804   813465355.573104
1806   819884042.073896
1808   826348800.148942
1810   832859923.138658
1812   839417166.949559
1814   846021379.485323
1816   852672873.356900
1818   859371959.034072
1820   866118949.127789
1822   872914156.249004
1824   879757895.149838
1826   886650474.158901
1828   893592208.028315
1830   900583409.369032
1832   907624390.792004
1834   914715462.767009
1836   921857139.175066
1838   929049724.062440
1840   936293313.781824
1842   943588208.097142
1844   950934700.348809
1846   958333090.300750
1848   965783673.434549
1850   973286747.372962
1852   980842607.597572
1854   988451553.872307
1856   996113881.678749
1858   1003829886.498483
1860   1011599868.095435
1862   1019420944.453574
1864   1027296714.881183
1866   1035227596.906587
1868   1043214008.058111
1870   1051256372.287594
1872   1059355109.264532
1874   1067510634.376080
1876   1075723371.574077
1878   1083993738.386846
1880   1092322154.483886
1882   1100709039.534691
1884   1109154815.349931
1886   1117660695.973504
1888   1126227068.957344
1890   1134853499.643758
1892   1143540345.608287
1894   1152287964.426470
1896   1161096717.956190
1898   1169966959.490646
1900   1178899053.028889
1902   1187893354.005291
1904   1196950219.995390
1906   1206070012.857070
1908   1215253090.165870
1910   1224499807.356159
1912   1233809207.324547
1914   1243183017.995948
1916   1252621648.334004
1918   1262125507.302359
1920   1271695006.005823
1922   1281330553.408040
1924   1291032558.472651
1926   1300801430.163299
1928   1310637579.584795
1930   1320541417.841953
1932   1330513349.616073
1934   1340553788.153138
1936   1350663140.275620
1938   1360841819.229501
1940   1371090231.837255
1942   1381408787.062521
1944   1391797896.010113
1946   1402257969.784844
1948   1412789415.209184
1950   1423392641.246776
1952   1434068059.002433
1954   1444816079.580966
1956   1455637109.804848
1958   1466531558.637720
1960   1477499839.325566
1962   1488539701.497770
1964   1499654316.228434
1966   1510844195.257405
1968   1522109848.183355
1970   1533451791.028473
1972   1544870531.250260
1974   1556366587.012076
1976   1567940463.630253
1978   1579592679.268147
1980   1591323741.383264
1982   1603134165.997789
1984   1615024462.710396
1986   1626995815.588594
1988   1639048708.537006
1990   1651182933.862054
1992   1663398951.915482
1994   1675697223.049034
1996   1688078207.614453
1998   1700542368.104652
2000   1713090164.871377
2002   1725722056.125200
2004   1738438506.500206
2006   1751239972.065795
2008   1764126917.456055
2010   1777099798.740386
2012   1790156427.642129
2014   1803300020.199975
2016   1816531137.400701
2018   1829850342.372252
2020   1843258200.383748
2022   1856755274.563133
2024   1870342125.897184
2026   1884019321.796191
2028   1897787421.105756
2030   1911646989.094999
2032   1925598586.750695
2034   1939642781.483132
2036   1953779466.233766
2038   1968009234.106935
2040   1982333361.240496
2042   1996752464.291669
2044   2011267157.776501
2046   2025878056.211041
2048   2040585774.111337
2050   2055390923.852267
2052   2070294124.232221
2054   2085295985.484905
2056   2100397124.267538
2058   2115598152.954998
2060   2130899690.345675
2062   2146304997.442849
2064   2161811939.499134
2066   2177421023.972032
2068   2193132764.742560
2070   2208947675.691734
2072   2224866264.277056
2074   2240889046.520715
2076   2257016534.162554
2078   2273249236.801248
2080   2289587666.176643
2082   2306032336.169753
2084   2322583760.661596
2086   2339239783.493075
2088   2356001021.321409
2090   2372870855.055449
2092   2389850001.987447
2094   2406939177.268483
2096   2424139096.049638
2098   2441450479.905505
2100   2458874041.845994
2102   2476410501.304528
2104   2494060573.432186
2106   2511824975.521221
2108   2529704422.722713
2110   2547699634.470084
2112   2565812655.581543
2114   2584042824.435284
2116   2602390802.653114
2118   2620857258.280354
2120   2639442857.221152
2122   2658148263.238490
2124   2676974140.095345
2126   2695921157.978209
2128   2714989980.650063
2130   2734181269.732712
2132   2753495695.412649
2134   2772933921.452853
2136   2792495277.666833
2138   2812180481.346840
2140   2831991635.122697
2142   2851929507.674758
2144   2871994867.683376
2146   2892188481.687734
2148   2912511122.650525
2150   2932963552.828590
2152   2953546543.043455
2154   2974260864.116641
2156   2995107280.446161
2158   3016086560.712368
2160   3037199475.736785
2162   3058446796.340938
2164   3079829286.922837
2166   3101347716.162835
2168   3123002850.600114
2170   3144795456.773857
2172   3166726303.364416
2174   3188796159.052145
2176   3211005792.517398
2178   3233355970.299355
2180   3255847461.078371
2182   3278481033.534797
2184   3301257452.066647
2186   3324176157.828314
2188   3347237968.747082
2190   3370445085.946638
2192   3393798378.742365
2194   3417298720.731992
2196   3440946976.948561
2198   3464744020.989801
2200   3488690724.312267
2202   3512787954.090174
2204   3537036581.780078
2206   3561437478.838536
2208   3585991514.580933
2210   3610699560.463824
2212   3635563806.905042
2214   3660583752.870595
2216   3685760218.428938
2218   3711094019.366184
2220   3736585975.750788
2222   3762236909.792374
2224   3788047637.277057
2226   3814018980.414461
2228   3840151754.990700
2230   3866446783.215400
2232   3892904880.874672
2234   3919526872.319314
2236   3946310909.718839
2238   3973257918.059076
2240   4000371582.295143
2242   4027652925.906731
2244   4055102972.373530
2246   4082722745.175231
2248   4110513269.932693
2250   4138475570.125607
2252   4166610669.233665
2254   4194919592.877727
2256   4223403360.255140
2258   4252063001.269110
2260   4280899537.258152
2262   4309913978.854935
2264   4339107366.668514
2266   4368480719.896238
2268   4398035066.300138
2270   4427771427.218737
2272   4457690830.414062
2274   4487794297.224635
2276   4518082851.130146
2278   4548557522.033797
2280   4579219329.132938
2282   4610069298.048429
2284   4641108452.259961
2286   4672337825.953077
2288   4703758444.748640
2290   4735371321.420485
2292   4767177479.448301
2294   4799177942.311780
2296   4831373735.631783
2298   4863765880.746828
2300   4896355405.418947
2302   4929143326.704320
2304   4962130674.506146
2306   4995318470.162949
2308   5028707737.154414
2310   5062299498.960236
2312   5096092119.725843
2314   5130089385.041390
2316   5164292423.303940
2318   5198702360.769384
2320   5233320321.552448
2322   5268147431.909024
2324   5303184820.236176
2326   5338433612.789799
2328   5373894935.825784
2330   5409569915.600025
2332   5445459678.368417
2334   5481565350.386850
2336   5517886726.102922
2338   5554424983.160625
2340   5591182682.400358
2342   5628161052.854215
2344   5665361323.554293
2346   5702784723.532689
2348   5740432483.962671
2350   5778305829.593993
2352   5816405991.599923
2354   5854734199.012558
2356   5893291678.722823
2358   5932079664.045156
2360   5971099379.729314
2362   6010349416.884842
2364   6049833747.383760
2366   6089553698.752028
2368   6129510604.939115
2370   6169705795.612149
2372   6210140600.438263
2374   6250816353.366922
2376   6291734381.924089
2378   6332896020.059232
2380   6374302595.298308
2382   6415955441.590792
2384   6457855886.462638
2386   6500005919.061613
2388   6542406843.360796
2390   6585059286.723260
2392   6627964527.428033
2394   6671123845.895312
2396   6714538526.827638
2398   6758209846.362867
2400   6802139087.062368
2402   6846327527.205170
2404   6890776451.493810
2406   6935487138.207316
2408   6980460867.765888
2410   7025698920.589724
2412   7071195986.574990
2414   7116960189.324083
2416   7162993068.338878
2418   7209296158.838912
2420   7255870993.902547
2422   7302719110.890492
2424   7349842042.881110
2426   7397241327.235108
2428   7444918501.313191
2430   7492875096.052553
2432   7541112648.813900
2434   7589632694.816768
2436   7638438083.959624
2438   7687530304.356245
2440   7736909471.629859
2442   7786577020.364967
2444   7836534387.287246
2446   7886783002.698854
2448   7937324303.325467
2450   7988159721.610417
2452   8039290694.279379
2454   8090718651.634511
2456   8142445032.542660
2458   8194471267.305987
2460   8246798792.650167
2462   8299423780.161627
2464   8352353126.551840
2466   8405588471.957713
2468   8459131454.374986
2470   8512983711.799397
2472   8567146882.226684
2474   8621622599.370243
2476   8676412505.508156
2478   8731518236.494989
2480   8786941430.326485
2482   8842683722.857204
2484   8898746752.082890
2486   8955130802.779270
2488   9011837560.047846
2490   9068870126.445248
2492   9126230238.461077
2494   9183919643.290789
2496   9241940081.706324
2498   9300293294.479624
2500   9358981022.382631
2502   9418005010.469629
2504   9477366997.371389
2506   9537068728.142193
2508   9597111943.553984
2510   9657498384.378704
2512   9718227211.277357
2514   9779302845.767855
2516   9840727133.539515
2518   9902501915.999304
2520   9964629032.413033
2522   10027110326.328844
2524   10089947641.294878
2526   10153142816.576946
2528   10216697693.582016
2530   10280614115.858234
2532   10344893924.812576
2534   10409538963.993183
2536   10474551704.311277
2538   10539933967.903296
2540   10605686913.142691
2542   10671812330.048338
2544   10738312015.062622
2546   10805187760.345585
2548   10872441358.057272
2550   10940074600.357723
2552   11008089283.689327
2554   11076487200.212126
2556   11145270139.944992
2558   11214439899.330309
2560   11283998268.386951
2562   11353940450.892101
2564   11424275084.329172
2566   11495004217.798714
2568   11566129900.401276
2570   11637654176.955069
2572   11709579098.701817
2574   11781906712.600897
2576   11854639065.611694
2578   11927778206.834755
2580   12001326181.088291
2582   12075285039.614025
2584   12149656829.371336
2586   12224436946.842791
2588   12299627693.787104
2590   12375238283.662661
2592   12451271273.027515
2594   12527729224.863234
2596   12604614700.010216
2598   12681930252.885340
2600   12759678446.470177
2602   12837861839.463953
2604   12916482992.707064
2606   12995544462.757561
2608   13075048812.597015
2610   13154998598.783480
2612   13235422879.147238
2614   13316296691.917940
2616   13397621572.315119
2618   13479399057.699482
2620   13561630683.290565
2622   13644317984.307901
2624   13727462495.971027
2626   13811065755.640648
2628   13895129298.536303
2630   13979654657.736351
2632   14064643372.742672
2634   14150096976.633631
2636   14235997014.657238
2638   14322345792.854559
2640   14409166373.777348
2642   14496461830.005854
2644   14584235236.261488
2646   14672489665.124491
2648   14761228191.316271
2650   14850453889.558249
2652   14940169828.148315
2654   15030379083.949060
2656   15121084729.540726
2658   15212289839.644716
2660   15303997486.841284
2662   15396237304.935677
2664   15488984781.803436
2666   15582241960.121597
2668   15676010891.131882
2670   15770293619.652502
2672   15865092190.501669
2674   15960408652.779930
2676   16056245055.587839
2678   16152603439.461262
2680   16249485857.783092
2682   16346894353.230371
2684   16444830974.903645
2686   16543284434.549932
2688   16642257297.291971
2690   16741765962.357685
2692   16841813502.327316
2694   16942402994.063444
2696   17043537503.722797
2698   17145220108.167963
2700   17247453877.838013
2702   17350241885.313187
2704   17453587203.173721
2706   17557492903.999863
2708   17661962058.230682
2710   17766997740.587593
2712   17872616262.510506
2714   17978806945.980148
2716   18085572347.554569
2718   18192915032.356514
2720   18300837559.085201
2722   18409342488.581032
2724   18518432381.684399
2726   18628109797.094532
2728   18738377297.792992
2730   18849237442.479012
2732   18960692794.134155
2734   19072745913.598820
2736   19185399385.266277
2738   19298655772.118103
2740   19412517602.877125
2742   19526987436.242565
2744   19642067833.054825
2746   19757761352.013130
2748   19874070547.534363
2750   19990997982.600090
2752   20108546213.768372
2754   20226717797.597252
2756   20345515297.068306
2758   20464941266.598415
2760   20584998269.169147
2762   20705649054.830357
2764   20826937528.291340
2766   20948867783.470867
2768   21071443918.570038
2770   21194670027.507614
2772   21318550210.625866
2774   21443088563.984726
2776   21568289183.644127
2778   21694156165.664001
2780   21820693608.245453
2782   21947905607.448406
2784   22075796259.332806
2786   22204389632.800728
2788   22333689053.090580
2790   22463677114.624123
2792   22594356378.241745
2794   22725729400.501507
2796   22857798744.384975
2798   22990566970.732548
2800   23124036640.384613
2802   23258210312.040405
2804   23393090548.681488
2806   23528679909.007088
2808   23664980955.998772
2810   23801996248.355762
2812   23939701864.916771
2814   24078127874.144745
2816   24217277856.077419
2818   24357155397.176064
2820   24497764081.760757
2822   24639107492.010422
2824   24781189212.245140
2826   24924012828.926170
2828   25067581924.232430
2830   25211900080.342831
2832   25356970883.718628
2834   25502797918.679920
2836   25649378129.775822
2838   25796715358.266930
2840   25944820333.560631
2842   26093697151.716846
2844   26243349910.936687
2846   26393782700.856564
2848   26544999619.677589
2850   26697004759.177345
2852   26849802217.556938
2854   27003396086.593952
2856   27157790462.348331
2858   27312989438.738827
2860   27468997111.825367
2862   27625844027.552021
2864   27783506808.614899
2866   27941988523.311901
2868   28101292244.223263
2870   28261421046.070408
2872   28422378001.433567
2874   28584166178.610645
2876   28746788654.464222
2878   28910248499.433376
2880   29074548783.957169
2882   29239692582.757019
2884   29405682968.413162
2886   29572503029.957836
2888   29740156604.369293
2890   29908668289.418827
2892   30078042692.906219
2894   30248284422.631245
2896   30419398092.817196
2898   30591388306.981506
2900   30764259679.347462
2902   30938016817.714840
2904   31112664332.024593
2906   31288206830.076496
2908   31464648923.952663
2910   31641995221.452885
2912   31820263682.718651
2914   31999445051.468170
2916   32179543419.479038
2918   32360562884.952347
2920   32542507537.524521
2922   32725381471.114319
2924   32909188781.781677
2926   33093933559.163010
2928   33279619901.459423
2930   33466251900.448509
2932   33653833650.049011
2934   33842369242.038544
2936   34031862718.947750
2938   34222318172.554226
2940   34413739758.870689
2942   34606131573.957069
2944   34799497713.873299
2946   34993842281.102821
2948   35189169367.423218
2950   35385483077.459122
2952   35582787502.988113
2954   35781086746.493637
2956   35980384901.894447
2958   36180686069.532837
2960   36381994345.468712
2962   36584274137.018227
2964   36787570766.345802
2966   36991889866.872086
2968   37197237069.876541
2970   37403618008.779808
2972   37611038312.720184
2974   37819503617.259476
2976   38029019551.535973
2978   38239591748.970329
2980   38451225838.700829
2982   38663927456.289276
2984   38877702233.015160
2986   39092629013.214500
2988   39308710612.527054
2990   39525873820.037407
2992   39744118633.604378
2994   39963445051.086800
2996   40183853076.767006
2998   40405342708.503845
3000   40627913944.156136
