 70    2135.566030
 72    2232.477412
 74    2330.238724
 76    2428.888601
 78    2528.388407
 80    2628.776777
 82    2730.034395
 84    2832.180575
 86    2935.215320
 88    3039.138628
 90    3143.931183
 92    3249.631618
 94    3356.239933
 96    3463.736812
 98    3572.141572
100    3681.454211
102    3791.674731
104    3902.803130
106    4014.858727
108    4127.822204
110    4241.712877
112    4356.530748
114    4472.275815
116    4588.967396
118    4706.586173
120    4825.132147
122    4944.643951
124    5065.082952
126    5186.487783
128    5308.819811
130    5432.136986
132    5556.381357
134    5681.610875
136    5807.806222
138    5934.967400
140    6063.094408
142    6192.187246
144    6322.284547
146    6453.347678
148    6585.376639
150    6718.410063
152    6852.447950
154    6987.470984
156    7123.479165
158    7260.511125
160    7398.528232
162    7537.549803
164    7677.595153
166    7818.664282
168    7960.718559
170    8103.815932
172    8247.937084
174    8393.082017
176    8539.250729
178    8686.462537
180    8834.698126
182    8983.976811
184    9134.298592
186    9285.682786
188    9438.090760
190    9591.561147
192    9746.093947
194    9901.689160
196   10058.327469
198   10216.047508
200   10374.829960
202   10534.694142
204   10695.620737
206   10857.629061
208   11020.719115
210   11184.910215
212   11350.163728
214   11516.518287
216   11683.973892
218   11852.511227
220   12022.168925
222   12192.927669
224   12364.787459
226   12537.748296
228   12711.848811
230   12887.050373
232   13063.372298
234   13240.814586
236   13419.396553
238   13599.098883
240   13779.921575
242   13961.903264
244   14145.024632
246   14329.285679
248   14514.686406
250   14701.246129
252   14888.945531
254   15077.803929
256   15267.840640
258   15459.017030
260   15651.371733
262   15844.885432
264   16039.577443
266   16235.447767
268   16432.496404
270   16630.723353
272   16830.147931
274   17030.750822
276   17232.532026
278   17435.530175
280   17639.725954
282   17845.100045
284   18051.710399
286   18259.499065
288   18468.504677
290   18678.746551
292   18890.186055
294   19102.842504
296   19316.600000
298   19531.844874
300   19748.190794
302   19965.772976
304   20184.591421
306   20404.665445
308   20625.956414
310   20848.502963
312   21072.305091
314   21297.362797
316   21523.676083
318   21751.244947
320   21980.069391
322   22210.168730
324   22441.523648
326   22674.172779
328   22908.077488
330   23143.276410
332   23379.750227
334   23617.518256
336   23856.561181
338   24096.917635
340   24338.548985
342   24581.474546
344   24825.713637
346   25071.266256
348   25318.113087
350   25566.273447
352   25815.747336
354   26066.554071
356   26318.655017
358   26572.108126
360   26826.874763
362   27082.974246
364   27340.406574
366   27599.171748
368   27859.289084
370   28120.739265
372   28383.541608
374   28647.696113
376   28913.202780
378   29180.061609
380   29448.272600
382   29717.874386
384   29988.828334
386   30261.134444
388   30534.831350
390   30809.919050
392   31086.358913
394   31364.189571
396   31643.411024
398   31924.003955
400   32206.006999
402   32489.420154
404   32774.204788
406   33060.399533
408   33348.004391
410   33637.019360
412   33927.425124
414   34219.279634
416   34512.524938
418   34807.199671
420   35103.303833
422   35400.837422
424   35699.781124
426   36000.192887
428   36302.014762
430   36605.285382
432   36910.004747
434   37216.172857
436   37523.789712
438   37832.855312
440   38143.388974
442   38455.371380
444   38768.821849
446   39083.740378
448   39400.126970
450   39717.981623
452   40037.304337
454   40358.133747
456   40680.431218
458   41004.216067
460   41329.488294
462   41656.247900
464   41984.514200
466   42314.287196
468   42645.547569
470   42978.314637
472   43312.588400
474   43648.388175
476   43985.694644
478   44324.507808
480   44664.866300
482   45006.731487
484   45350.122685
486   45695.059211
488   46041.521749
490   46389.529614
492   46739.063491
494   47090.162013
496   47442.786546
498   47796.975723
500   48152.729546
502   48663.518399
504   49042.625991
506   49423.336860
508   49805.631691
510   50189.568433
512   50575.108452
514   50962.290382
516   51351.094907
518   51741.579976
520   52133.726273
522   52527.533797
524   52923.060499
526   53320.267744
528   53719.174851
530   54119.801135
532   54522.165913
534   54926.269185
536   55332.130268
538   55739.729844
540   56149.106548
542   56560.279696
544   56973.249287
546   57387.996006
548   57804.577801
550   58222.975357
552   58643.207990
554   59065.275700
556   59489.217120
558   59915.012934
560   60342.682458
562   60772.245009
564   61203.700587
566   61637.068508
568   62072.348772
570   62509.580013
572   62948.723597
574   63389.818158
576   63832.883013
578   64277.918160
580   64724.942917
582   65173.937968
584   65624.961261
586   66077.974164
588   66533.034627
590   66990.104016
592   67449.240282
594   67910.404790
596   68373.655491
598   68838.973069
600   69306.396155
602   69775.905435
604   70247.520224
606   70721.240522
608   71197.104963
610   71675.094230
612   72155.246957
614   72637.563142
616   73122.042787
618   73608.705207
620   74097.569720
622   74588.617008
624   75081.885706
626   75577.375813
628   76075.106645
630   76575.078203
632   77077.290486
634   77581.782128
636   78088.553129
638   78597.603489
640   79108.952524
642   79622.619551
644   80138.585254
646   80656.888265
648   81177.528585
650   81700.525530
652   82225.879100
654   82753.589296
656   83283.694749
658   83816.176145
660   84351.072116
662   84888.382661
664   85428.127098
666   85970.286111
668   86514.898331
670   87061.944443
672   87611.482396
674   88163.492875
676   88717.975878
678   89274.970039
680   89834.456041
682   90396.472518
684   90961.000153
686   91528.077579
688   92097.704797
690   92669.901122
692   93244.647238
694   93822.001096
696   94401.924061
698   94984.454767
700   95569.593214
702   96157.358719
704   96747.751281
706   97340.809535
708   97936.494845
710   98534.845847
712   99135.901173
714   99739.602872
716   100346.008896
718   100955.196510
720   101567.011182
722   102181.607444
724   102798.908031
726   103418.893624
728   104041.796024
730   104667.306166
732   105295.694480
734   105926.903018
736   106560.796564
738   107197.606916
740   107837.198859
742   108479.611025
744   109124.901365
746   109772.992611
748   110424.000664
750   111077.906208
752   111734.593341
754   112394.293864
756   113056.795295
758   113722.310114
760   114390.703108
762   115061.993591
764   115736.297464
766   116413.498826
768   117093.694262
770   117776.903088
772   118463.105986
774   119152.302957
776   119844.494002
778   120539.698436
780   121237.993526
782   121939.302005
784   122643.604558
786   123350.997767
788   124061.500948
790   124775.094785
792   125491.702012
794   126211.496478
796   126934.400916
798   127660.396010
800   128389.597660
802   129121.909283
804   129857.408145
806   130595.997662
808   131337.793735
810   132082.796364
812   132831.005549
814   133582.401972
816   134337.101534
818   135094.911069
820   135856.004425
822   136620.400920
824   137388.003971
826   138158.910161
828   138933.100172
830   139710.593322
832   140491.408927
834   141275.508354
836   142062.910920
838   142853.693891
840   143647.799317
842   144445.304465
844   145246.209334
846   146050.398025
848   146858.005754
850   147668.993889
852   148483.401061
854   149301.304539
856   150122.607737
858   150947.310658
860   151775.509883
862   152607.108829
864   153442.204081
866   154280.795636
868   155122.902813
870   155968.506295
872   156817.606081
874   157670.298755
876   158526.507050
878   159386.211650
880   160249.509137
882   161116.302929
884   161986.805508
886   162860.804391
888   163738.396162
890   164619.696721
892   165504.512900
894   166392.999234
896   167285.097772
898   168180.905097
900   169080.401892
902   169983.510892
904   170890.309363
906   171800.797304
908   172714.994032
910   173632.899547
912   174554.610433
914   175480.010789
916   176409.100616
918   177341.995813
920   178278.696380
922   179219.105734
924   180163.301142
926   181111.398504
928   182063.204652
930   183018.912754
932   183978.406909
934   184941.706434
936   185908.907913
938   186879.895445
940   187854.900830
942   188833.711585
944   189816.404977
946   190803.000322
948   191793.497620
950   192788.012771
952   193786.256026
954   194788.787566
956   195794.989260
958   196805.247440
960   197819.562106
962   198837.740092
964   199859.974564
966   200886.265522
968   201916.419800
970   202950.630564
972   203989.090980
974   205031.414716
976   206077.988104
978   207128.424812
980   208182.918006
982   209241.660852
984   210304.460184
986   211371.316002
988   212442.421472
990   213517.776594
992   214596.995036
994   215680.463130
996   216768.180876
998   217859.955108
1000   218955.978992
1002   220056.252528
1004   221160.582550
1006   222269.355390
1008   223382.184716
1010   224499.263694
1012   225620.785490
1014   226746.363772
1016   227876.191706
1018   229010.462458
1020   230148.982862
1022   231291.752918
1024   232438.772626
1026   233590.235152
1028   234745.947330
1030   235906.102326
1032   237070.700140
1034   238239.547606
1036   239412.644724
1038   240590.377826
1040   241772.360580
1042   242958.786152
1044   244149.654542
1046   245344.772584
1048   246544.526610
1050   247748.723454
1052   248957.363116
1054   250170.445596
1056   251387.970894
1058   252610.132176
1060   253836.736276
1062   255067.783194
1064   256303.466096
1066   257543.591816
1068   258788.160354
1070   260037.558042
1072   261291.398548
1074   262549.681872
1076   263812.794346
1078   265080.349638
1080   266352.540914
1082   267629.368174
1084   268910.831418
1086   270196.930646
1088   271487.665858
1090   272783.037054
1092   274083.044234
1094   275387.880564
1096   276697.352878
1098   278011.461176
1100   279330.398624
1102   280653.972056
1104   281982.374638
1106   283315.413204
1108   284653.280920
1110   285995.784620
1112   287343.117470
1114   288695.472636
1116   290052.463786
1118   291414.090920
1120   292780.740370
1122   294152.218970
1124   295528.333554
1126   296909.663620
1128   298295.436504
1130   299686.424870
1132   301082.049220
1134   302482.889052
1136   303888.364868
1138   305298.863000
1140   306714.190282
1142   308134.346714
1144   309559.699311
1146   310989.939009
1148   312425.143072
1150   313865.195602
1152   315310.463614
1154   316760.541459
1156   318215.680254
1158   319675.822048
1160   321141.160007
1162   322611.365750
1164   324086.574492
1166   325566.979399
1168   327052.445256
1170   328542.914112
1172   330038.617767
1174   331539.092621
1176   333045.034074
1178   334555.997843
1180   336071.945294
1182   337593.340027
1184   339119.544593
1186   340651.157807
1188   342187.967186
1190   343729.837515
1192   345276.884692
1194   346829.359834
1196   348386.857292
1198   349949.570232
1200   351517.711137
1202   353090.835724
1204   354669.407593
1206   356253.156310
1208   357842.139826
1210   359436.551307
1212   361036.332802
1214   362641.155930
1216   364251.580872
1218   365867.201979
1220   367488.289685
1222   369114.515605
1224   370746.208124
1226   372383.270657
1228   374025.799789
1230   375673.698935
1232   377326.968095
1234   378985.703854
1236   380649.809627
1238   382319.381999
1240   383994.498234
1242   385674.868585
1244   387360.821433
1246   389052.163612
1248   390749.126922
1250   392451.711363
1252   394159.472652
1254   395873.067555
1256   397592.032472
1258   399316.599203
1260   401046.632533
1262   402782.402892
1264   404523.581899
1266   406270.401354
1268   408022.803306
1270   409781.000238
1272   411544.412652
1274   413313.813212
1276   415088.641737
1278   416869.207291
1280   418655.645093
1282   420447.452909
1284   422245.036388
1286   424048.240998
1288   425857.259905
1290   427672.015841
1292   429492.412225
1294   431318.642223
1296   433150.416084
1298   434988.216725
1300   436831.561229
1302   438680.739347
1304   440535.731762
1306   442396.480523
1308   444263.043581
1310   446135.440253
1312   448013.747803
1314   449897.715118
1316   451787.844428
1318   453683.556235
1320   455585.314139
1322   457492.809072
1324   459406.118302
1326   461325.415678
1328   463250.894366
1330   465181.974868
1332   467119.062833
1334   469062.100310
1336   471011.164567
1338   472966.197653
1340   474927.006402
1342   476893.822614
1344   478866.820138
1346   480845.786491
1348   482830.779624
1350   484821.722269
1352   486818.904177
1354   488821.823114
1356   490830.942680
1358   492846.243558
1360   494867.551899
1362   496894.829069
1364   498928.287551
1366   500967.908028
1368   503013.535968
1370   505065.519069
1372   507123.355101
1374   509187.681509
1376   511257.841531
1378   513334.395348
1380   515417.111160
1382   517505.815118
1384   519601.086720
1386   521702.346468
1388   523809.806845
1390   525923.583749
1392   528043.599916
1394   530169.990561
1396   532302.330718
1398   534441.238519
1400   536586.346949
1402   538737.868491
1404   540895.532711
1406   543059.571409
1408   545229.984585
1410   547406.772239
1412   549589.702571
1414   551779.239181
1416   553974.957103
1418   556177.242669
1420   558385.728864
1422   560600.975869
1424   562822.384869
1426   565050.149030
1428   567284.500152
1430   569525.245069
1432   571772.325830
1434   574026.186718
1436   576286.248235
1438   578552.858079
1440   580826.016250
1442   583105.742065
1444   585391.880992
1446   587684.548929
1448   589983.803827
1450   592289.645686
1452   594602.016555
1454   596920.993702
1456   599246.519176
1458   601578.824777
1460   603917.466222
1462   606262.887794
1464   608614.896327
1466   610973.433870
1468   613338.751540
1470   615710.617537
1472   618089.263661
1474   620474.516063
1476   622866.471324
1478   625265.206712
1480   627670.722227
1482   630082.786069
1484   632501.552771
1486   634927.196183
1488   637359.523138
1490   639798.630220
1492   642244.536745
1494   644697.126814
1496   647156.728809
1498   649622.879131
1500   652095.964112
1502   655076.670025
1504   657655.281592
1506   660240.209687
1508   662831.937226
1510   665429.981293
1512   668034.902069
1514   670646.293907
1516   673264.465871
1518   675889.417961
1520   678520.841113
1522   681159.140974
1524   683804.124379
1526   686455.984493
1528   689114.450885
1530   691780.006469
1532   694452.264913
1534   697131.458016
1536   699817.411929
1538   702510.532301
1540   705210.413483
1542   707917.461124
1544   710631.424107
1546   713352.399017
1548   716080.424485
1550   718815.461879
1552   721557.665731
1554   724306.997409
1556   727063.476229
1558   729827.102191
1560   732597.875295
1562   735376.027341
1564   738161.249261
1566   740953.830807
1568   743753.656077
1570   746560.686439
1572   749375.153693
1574   752197.077153
1576   755026.437505
1578   757862.867733
1580   760707.043917
1582   763558.579725
1584   766417.552425
1586   769283.981332
1588   772158.059613
1590   775039.516835
1592   777928.720013
1594   780825.418033
1596   783729.862009
1598   786641.897409
1600   789561.601499
1602   792489.032229
1604   795424.131649
1606   798367.054292
1608   801317.703575
1610   804276.234031
1612   807242.278645
1614   810216.436230
1616   813198.320455
1618   816188.182437
1630   834294.172481
1632   837339.878753
1634   840393.601414
1636   843455.456363
1638   846525.462918
1640   849603.736977
1642   852690.201275
1644   855784.681962
1646   858887.488103
1648   861998.407217
1650   865117.651785
1652   868245.221807
1654   871381.271817
1656   874525.415483
1658   877678.116402
1660   880839.065509
1662   884008.571871
1664   887186.307103
1666   890372.754123
1668   893567.526597
1670   896770.856325
1672   899982.801256
1674   903203.284125
1676   906432.246981
1678   909669.902307
1680   912916.037620
1682   916170.865403
1684   919434.385657
1686   922706.830179
1688   925987.735373
1690   929277.564835
1692   932576.106085
1694   935883.455703
1696   939199.517109
1698   942524.715266
1700   945858.393411
1702   949201.285573
1704   952552.928156
1706   955913.417741
1708   959283.063395
1710   962661.671951
1712   966049.224093
1714   969445.893671
1716   972851.564783
1718   976266.353331
1720   979690.220681
1722   983123.379316
1724   986565.597436
1726   990016.875041
1728   993477.424615
1730   996947.284789
1732   1000426.030600
1734   1003914.975575
1736   1007412.072156
1738   1010918.981569
1740   1014435.993565
1742   1017961.041265
1744   1021496.017699
1746   1025040.961497
1748   1028595.022731
1750   1032158.008235
1752   1035730.941787
1754   1039314.055187
1756   1042905.919007
1758   1046506.919579
1760   1050117.964783
1762   1053739.093253
1764   1057370.015238
1766   1061009.996709
1768   1064658.902449
1770   1068319.089083
1772   1071988.026137
1774   1075667.085090
1776   1079355.995509
1778   1083053.984729
1780   1086762.945779
1782   1090480.966313
1784   1094209.070113
1786   1097947.064013
1788   1101695.005961
1790   1105453.127757
1792   1109220.965803
1794   1112999.118914
1796   1116785.964495
1798   1120584.013703
1800   1124392.068911
1802   1128209.956267
1804   1132039.085885
1806   1135876.927290
1808   1139725.006493
1810   1143584.076841
1812   1147452.998655
1814   1151331.965101
1816   1155222.115858
1818   1159120.978402
1820   1163031.025257
1822   1166951.908725
1824   1170882.083478
1826   1174823.075527
1828   1178775.058721
1830   1182737.067230
1832   1186708.927205
1834   1190692.010125
1836   1194684.963828
1838   1198689.121159
1840   1202704.018519
1842   1206729.018461
1844   1210764.120985
1846   1214809.982855
1848   1218867.048353
1850   1222935.085679
1852   1227013.071055
1854   1231101.950993
1856   1235200.933513
1858   1239312.162758
1860   1243433.166202
1862   1247564.948309
1864   1251707.934043
1866   1255861.949557
1868   1260026.009702
1870   1264202.007506
1872   1268388.011309
1874   1272586.107304
1876   1276794.074081
1878   1281013.978517
1880   1285244.043485
1882   1289486.065428
1884   1293737.958153
1886   1298002.078287
1888   1302277.092983
1890   1306563.021557
1892   1310859.999227
1894   1315168.045309
1896   1319486.985953
1898   1323817.999473
1900   1328159.946187
1902   1332514.100993
1904   1336877.991366
1906   1341254.109146
1908   1345642.029369
1910   1350040.110123
1912   1354449.974004
1914   1358871.930076
1916   1363304.954559
1918   1367750.032602
1920   1372206.043839
1922   1376673.084856
1924   1381151.928315
1926   1385642.999182
1928   1390144.983927
1930   1394659.041548
1932   1399185.056144
1934   1403722.100519
1936   1408271.101869
1938   1412832.021562
1940   1417404.009666
1942   1421988.959209
1944   1426584.957847
1946   1431192.024897
1948   1435811.898852
1950   1440444.019532
1952   1445087.034775
1954   1449742.122892
1956   1454409.902016
1958   1459089.039300
1960   1463780.094927
1962   1468484.111992
1964   1473199.062253
1966   1477926.085388
1968   1482666.069963
1970   1487416.968416
1972   1492181.118057
1974   1496957.070141
1976   1501745.095099
1978   1506545.077033
1980   1511357.131842
1982   1516181.993557
1984   1521018.966780
1986   1525868.012878
1988   1530730.020415
1990   1535603.965610
1992   1540490.002997
1994   1545389.021139
1996   1550300.112157
1998   1555224.010080
2000   1560160.019511
2002   1565107.947284
2004   1570069.145562
2006   1575043.150745
2008   1580029.112904
2010   1585028.036501
2012   1590038.897758
2014   1595063.029518
2016   1600099.968184
2018   1605148.999042
2020   1610211.145871
2022   1615285.983707
2024   1620373.029633
2026   1625472.901782
2028   1630587.087532
2030   1635712.148527
2032   1640851.078841
2034   1646002.989911
2036   1651167.109071
2038   1656344.962335
2040   1661535.178222
2042   1666738.935046
2044   1671955.093127
2046   1677185.101210
2048   1682427.046952
2050   1687682.997229
2052   1692951.020381
2054   1698233.048068
2056   1703528.056510
2058   1708836.026391
2060   1714156.957710
2062   1719491.159534
2064   1724839.056827
2066   1730200.089408
2068   1735574.083427
2070   1740962.062665
2072   1746361.998879
2074   1751777.117940
2076   1757204.000810
2078   1762644.907532
2080   1768099.954005
2082   1773566.938137
2084   1779048.950584
2086   1784543.943786
2088   1790052.188176
2090   1795573.992819
2092   1801108.913433
2094   1806657.993115
2096   1812221.058015
2098   1817796.968455
2100   1823386.999329
2102   1828991.054054
2104   1834608.050902
2106   1840238.917068
2108   1845884.077519
2110   1851543.087971
2112   1857214.924646
2114   1862901.944169
2116   1868602.079663
2118   1874315.910626
2120   1880044.190406
2122   1885786.030440
2124   1891542.145441
2126   1897310.951448
2128   1903094.940302
2130   1908893.088225
2132   1914705.066833
2134   1920531.049976
2136   1926371.037654
2138   1932225.918430
2140   1938094.340143
2142   1943976.341426
2144   1949873.660773
2146   1955784.521057
2148   1961708.960910
2150   1967648.718827
2152   1973602.191530
2154   1979570.982297
2156   1985551.420973
2158   1991549.244590
2160   1997560.473927
2162   2003585.418050
2164   2009625.680237
2166   2015679.521993
2168   2021748.817030
2170   2027831.537103
2172   2033929.864990
2174   2040043.530257
2176   2046170.755777
2178   2052311.522233
2180   2058467.626070
2182   2064639.357037
2184   2070824.493723
2186   2077025.103007
2188   2083239.272543
2190   2089470.846337
2192   2095713.894190
2194   2101972.569173
2196   2108248.493880
2198   2114537.978840
2200   2120841.004737
2202   2127159.368014
2204   2133493.358420
2206   2139840.754547
2208   2146205.535614
2210   2152583.876934
2212   2158977.710167
2214   2165386.996680
2216   2171809.708230
2218   2178248.027593
2220   2184701.684337
2222   2191170.813677
2224   2197655.415613
2226   2204153.423270
2228   2210668.970400
2230   2217197.942567
2232   2223742.368014
2234   2230304.352250
2236   2236879.722890
2238   2243470.430910
2240   2250076.766060
2242   2256698.438590
2244   2263335.718933
2246   2269986.404997
2248   2276654.495317
2250   2283338.038917
2252   2290037.074430
2254   2296751.428007
2256   2303481.408713
2258   2310226.726800
2260   2316987.498167
2262   2323763.761447
2264   2330555.478007
2266   2337364.598823
2268   2344187.279893
2270   2351027.191370
2272   2357882.749293
2274   2364751.693620
2276   2371639.954547
2278   2378541.775727
2280   2385459.069503
2282   2392393.748220
2284   2399343.899533
2286   2406309.388227
2288   2413290.484733
2290   2420288.830963
2292   2427302.649790
2294   2434330.028870
2296   2441376.724550
2298   2448438.892827
2300   2455516.514383
2302   2462609.627853
2304   2469719.971730
2306   2476845.807520
2308   2483987.251123
2310   2491146.098983
2312   2498320.245590
2314   2505511.815770
2316   2512718.684697
2318   2519941.200070
2320   2527181.081067
2322   2534438.366320
2324   2541709.211826
2326   2548999.219400
2328   2556304.834786
2330   2563625.787553
2332   2570962.058384
2334   2578318.090096
2336   2585689.130807
2338   2593075.817963
2340   2600479.890060
2342   2607901.347097
2344   2615338.122197
2346   2622792.591303
2348   2630262.108040
2350   2637749.280150
2352   2645253.856517
2354   2652773.770263
2356   2660311.068950
2358   2667865.752577
2360   2675433.996457
2362   2683023.449964
2364   2690626.483040
2366   2698248.948617
2368   2705886.751573
2370   2713541.939470
2372   2721214.531623
2374   2728902.441840
2376   2736607.736997
2378   2744330.726160
2380   2752070.810513
2382   2759828.279807
2384   2767601.376230
2386   2775393.615403
2388   2783201.501023
2390   2791026.462517
2392   2798869.118017
2394   2806729.158456
2396   2814606.294087
2398   2822499.056847
2400   2830411.271423
2402   2838340.581190
2404   2846287.565646
2406   2854249.887483
2408   2862231.371387
2410   2870228.463103
2412   2878244.736204
2414   2886276.617117
2416   2894327.949846
2418   2902396.377767
2420   2910480.432817
2422   2918583.630617
2424   2926704.522423
2426   2934842.528737
2428   2942997.900674
2430   2951170.966616
2432   2959362.885560
2434   2967570.740700
2436   2975797.448840
2438   2984041.850987
2440   2992303.618757
2442   3000582.810100
2444   3008879.077317
2446   3017195.086100
2448   3025528.209390
2450   3033878.698303
2452   3042246.591474
2454   3050633.955777
2456   3059038.685703
2458   3067460.510820
2460   3075902.096820
2462   3084360.778010
2464   3092836.844140
2466   3101330.295210
2468   3109843.198097
2470   3118373.505240
2472   3126922.955133
2474   3135489.809283
2476   3144076.115250
2478   3152679.806156
2480   3161300.592254
2482   3169941.119916
2484   3178598.762086
2486   3187275.836756
2488   3195970.025934
2490   3204683.956676
2492   3213414.982610
2494   3222163.393483
2496   3230931.256173
2498   3239718.280930
2500   3248524.757503
2502   3257348.619017
2504   3266189.884786
2506   3275050.293307
2508   3283930.172960
2510   3292827.437553
2512   3301743.844897
2514   3310679.723374
2516   3319632.986790
2518   3328605.702023
2520   3337597.579323
2522   3346606.841563
2524   3355635.265870
2526   3364681.384183
2528   3373748.422374
2530   3382833.135253
2532   3391937.010200
2534   3401060.336963
2536   3410200.778234
2538   3419362.718880
2540   3428542.044466
2542   3437740.551437
2544   3446956.424030
2546   3456193.525567
2548   3465448.321110
2550   3474722.278720
2552   3484017.445956
2554   3493329.708384
2556   3502661.731693
2558   3512012.897753
2560   3521383.225880
2562   3530771.248013
2564   3540180.190024
2566   3549608.873600
2568   3559056.429494
2570   3568521.679393
2572   3578008.138920
2574   3587513.760513
2576   3597036.767047
2578   3606581.002524
2580   3616144.689817
2582   3625727.828926
2584   3635330.130103
2586   3644951.574030
2588   3654592.489090
2590   3664252.855966
2592   3673932.365593
2594   3683633.123480
2596   3693353.313866
2598   3703092.666320
2600   3712851.470590
2602   3722629.456243
2604   3732426.874397
2606   3742245.502177
2608   3752083.311340
2610   3761940.572320
2612   3771817.265800
2614   3781715.207540
2616   3791632.292030
2618   3801568.828336
2620   3811524.546026
2622   3821501.454027
2624   3831499.900036
2626   3841515.441237
2628   3851552.192064
2630   3861608.684456
2632   3871686.116043
2634   3881782.709697
2636   3891899.044916
2638   3902036.319330
2640   3912193.045560
2642   3922370.981416
2644   3932566.012464
2646   3942784.629080
2648   3953022.407763
2650   3963281.396074
2652   3973559.855517
2654   3983857.457710
2656   3994176.578596
2658   4004516.638677
2660   4014876.131257
2662   4025256.872097
2664   4035657.045436
2666   4046078.157970
2668   4056520.789197
2670   4066982.563174
2672   4077463.808283
2674   4087966.263020
2676   4098491.994260
2678   4109034.840007
2680   4119599.185130
2682   4130186.536323
2684   4140791.272457
2686   4151419.304410
2688   4162066.768863
2690   4172735.172510
2692   4183425.094850
2694   4194134.159940
2696   4204864.453974
2698   4215616.286016
2700   4226389.018620
2702   4237181.222357
2704   4247996.702596
2706   4258831.325586
2708   4269687.196837
2710   4280564.277714
2712   4291462.877283
2714   4302380.638920
2716   4313321.387310
2718   4324283.654393
2720   4335265.064227
2722   4346267.722320
2724   4357293.656917
2726   4368339.024013
2728   4379405.349620
2730   4390493.174603
2732   4401602.209213
2734   4412734.249894
2736   4423885.742390
2738   4435058.463830
2740   4446254.461773
2742   4457469.621783
2744   4468708.077613
2746   4479965.676194
2748   4491246.551277
2750   4502548.674620
2752   4513870.230463
2754   4525216.839937
2756   4536582.611477
2758   4547969.921026
2760   4559378.131137
2762   4570809.926816
2764   4582262.661690
2766   4593736.606190
2768   4605233.827194
2770   4616750.519330
2772   4628288.131344
2774   4639851.086737
2776   4651433.513263
2778   4663038.907226
2780   4674663.482574
2782   4686313.381983
2784   4697982.462777
2786   4709674.820074
2788   4721388.386997
2790   4733125.249740
2792   4744883.341426
2794   4756662.642740
2796   4768464.930807
2798   4780288.756883
2800   4792133.483520
2802   4804001.815043
2804   4815893.114003
2806   4827805.661223
2808   4839739.418070
2810   4851696.451420
2812   4863674.404647
2814   4875675.962760
2816   4887698.730500
2818   4899744.484993
2820   4911811.468430
2822   4923901.728370
2824   4936015.284130
2826   4948149.759767
2828   4960307.511908
2830   4972487.091806
2832   4984689.078960
2834   4996912.855240
2836   5009159.637589
2838   5021429.406693
2840   5033722.742049
2842   5046036.726850
2844   5058374.277903
2846   5070734.835027
2848   5083117.200592
2850   5095521.954097
2852   5107950.293170
2854   5120399.861187
2856   5132872.415957
2858   5145370.314107
2860   5157887.664073
2862   5170429.777920
2864   5182993.700209
2866   5195581.806881
2868   5208191.702677
2870   5220825.184043
2872   5233481.072664
2874   5246160.546854
2876   5258861.230670
2878   5271587.257866
2880   5284336.291132
2882   5297105.954528
2884   5309899.782989
2886   5322716.018707
2888   5335557.597804
2890   5348420.985343
2892   5361306.760820
2894   5374216.141183
2896   5387150.266111
2898   5400106.199480
2900   5413085.138920
2902   5426088.822924
2904   5439114.315369
2906   5452162.234388
2908   5465236.056966
2910   5478332.885616
2912   5491452.720336
2914   5504593.745366
2916   5517761.910219
2918   5530951.284699
2920   5544163.665250
2922   5557401.389180
2924   5570660.322736
2926   5583944.020174
2928   5597253.060991
2930   5610583.929566
2932   5623938.963208
2934   5637318.161916
2936   5650719.748563
2938   5664144.940096
2940   5677594.876194
2942   5691068.378543
2944   5704564.886963
2946   5718086.159264
2948   5731631.017134
2950   5745199.441256
2952   5758792.030444
2954   5772408.784699
2956   5786049.723337
2958   5799712.470417
2960   5813400.560876
2962   5827113.415216
2964   5840849.256310
2966   5854610.460100
2968   5868394.631327
2970   5882202.388123
2972   5896036.685927
2974   5909892.792172
2976   5923773.642983
2978   5937679.257674
2980   5951608.457934
2982   5965563.001573
2984   5979540.531966
2986   5993542.826241
2988   6007568.706084
2990   6021619.929306
2992   6035693.559784
2994   6049794.890267
2996   6063917.430376
2998   6078066.511494
3000   6092239.178180
