 70     111.159640
 72     114.291160
 74     117.427340
 76     120.558860
 78     123.695040
 80     126.831220
 82     129.962740
 84     133.098920
 86     136.235100
 88     139.371280
 90     142.502800
 92     145.638980
 94     148.775160
 96     151.911340
 98     155.047520
100     158.183700
102     161.319880
104     164.456060
106     167.596900
108     170.733080
110     173.869260
112     177.005440
114     180.141620
116     183.277800
118     186.413980
120     189.550160
122     192.686340
124     195.827180
126     198.963360
128     202.099540
130     205.235720
132     208.371900
134     211.512740
136     214.648920
138     217.785100
140     220.925940
142     224.062120
144     227.202960
146     230.339140
148     233.479980
150     236.616160
152     239.757000
154     242.893180
156     246.034020
158     249.174860
160     252.311040
162     255.451880
164     258.588060
166     261.728900
168     264.869740
170     268.005920
172     271.146760
174     274.287600
176     277.423780
178     280.564620
180     283.705460
182     286.841640
184     289.982480
186     293.123320
188     296.264160
190     299.405000
192     302.545840
194     305.686680
196     308.827520
198     311.968360
200     315.109200
202     318.250040
204     321.390880
206     324.531720
208     327.672560
210     330.813400
212     333.958900
214     337.099740
216     340.240580
218     343.386080
220     346.526920
222     349.667760
224     352.813260
226     355.954100
228     359.094940
230     362.240440
232     365.381280
234     368.526780
236     371.667620
238     374.813120
240     377.953960
242     381.099460
244     384.240300
246     387.385800
248     390.526640
250     393.672140
252     396.812980
254     399.958480
256     403.103980
258     406.244820
260     409.390320
262     412.531160
264     415.676660
266     418.822160
268     421.967660
270     425.113160
272     428.258660
274     431.404160
276     434.549660
278     437.690500
280     440.836000
282     443.981500
284     447.127000
286     450.272500
288     453.418000
290     456.563500
292     459.709000
294     462.854500
296     466.000000
298     469.145500
300     472.291000
302     475.436500
304     478.582000
306     481.727500
308     484.877660
310     488.023160
312     491.173320
314     494.318820
316     497.468980
318     500.614480
320     503.764640
322     506.914800
324     510.060300
326     513.210460
328     516.360620
330     519.510780
332     522.660940
334     525.811100
336     528.961260
338     532.111420
340     535.261580
342     538.411740
344     541.557240
346     544.707400
348     547.857560
350     551.007720
352     554.162540
354     557.312700
356     560.462860
358     563.613020
360     566.767840
362     569.918000
364     573.072820
366     576.222980
368     579.377800
370     582.532620
372     585.682780
374     588.837600
376     591.992420
378     595.147240
380     598.302060
382     601.456880
384     604.611700
386     607.766520
388     610.921340
390     614.076160
392     617.230980
394     620.390460
396     623.545280
398     626.700100
400     629.859580
402     633.019060
404     636.173880
406     639.333360
408     642.492840
410     645.652320
412     648.811800
414     651.971280
416     655.130760
418     658.294900
420     661.454380
422     664.618520
424     667.778000
426     670.942140
428     674.106280
430     677.270420
432     680.434560
434     683.598700
436     686.762840
438     689.931640
440     693.095780
442     696.264580
444     699.428720
446     702.597520
448     705.766320
450     708.935120
452     712.103920
454     715.272720
456     718.441520
458     721.614980
460     724.783780
462     727.957240
464     731.130700
466     734.304160
468     737.477620
470     740.651080
472     743.829200
474     747.002660
476     750.180780
478     753.358900
480     756.537020
482     759.715140
484     762.897920
486     766.076040
488     769.258820
490     772.441600
492     775.619720
494     778.802500
496     781.989940
498     785.172720
500     788.360160
502     791.547600
504     794.730380
506     797.917820
508     801.109920
510     804.297360
512     807.489460
514     810.681560
516     813.873660
518     817.065760
520     820.257860
522     823.449960
524     826.646720
526     829.843480
528     833.040240
530     836.241660
532     839.438420
534     842.639840
536     845.841260
538     849.042680
540     852.248760
542     855.450180
544     858.656260
546     861.867000
548     865.073080
550     868.279160
552     871.489900
554     874.700640
556     877.916040
558     881.126780
560     884.342180
562     887.557580
564     890.772980
566     893.988380
568     897.208440
570     900.428500
572     903.648560
574     906.868620
576     910.093340
578     913.318060
580     916.542780
582     919.772160
584     922.996880
586     926.230920
588     929.460300
590     932.694340
592     935.928380
594     939.167080
596     942.401120
598     945.639820
600     948.878520
602     952.121880
604     955.365240
606     958.603940
608     961.851960
610     965.095320
612     968.338680
614     971.582040
616     974.830060
618     978.078080
620     981.326100
622     984.578780
624     987.826800
626     991.079480
628     994.336820
630     997.594160
632    1000.856160
634    1004.113500
636    1007.380160
638    1010.651480
640    1013.922800
642    1017.198780
644    1020.474760
646    1023.755400
648    1027.036040
650    1030.316680
652    1033.601980
654    1036.887280
656    1040.172580
658    1043.462540
660    1046.747840
662    1050.037800
664    1053.327760
666    1056.617720
668    1059.912340
670    1063.206960
672    1066.501580
674    1069.796200
676    1073.095480
678    1076.394760
680    1079.694040
682    1082.997980
684    1086.297260
686    1089.601200
688    1092.905140
690    1096.209080
692    1099.513020
694    1102.821620
696    1106.130220
698    1109.443480
700    1112.756740
702    1116.070000
704    1119.387920
706    1122.705840
708    1126.028420
710    1129.351000
712    1132.682900
714    1136.019460
716    1139.351360
718    1142.692580
720    1146.033800
722    1149.375020
724    1152.720900
726    1156.066780
728    1159.417320
730    1162.767860
732    1166.123060
734    1169.478260
736    1172.833460
738    1176.193320
740    1179.553180
742    1182.913040
744    1186.277560
746    1189.642080
748    1193.011260
750    1196.380440
752    1199.749620
754    1203.128120
756    1206.501960
758    1209.875800
760    1213.258960
762    1216.637460
764    1220.020620
766    1223.403780
768    1226.786940
770    1230.174760
772    1233.567240
774    1236.959720
776    1240.352200
778    1243.749340
780    1247.151140
782    1250.552940
784    1253.954740
786    1257.361200
788    1260.772320
790    1264.188100
792    1267.603880
794    1271.024320
796    1274.444760
798    1277.865200
800    1281.290300
802    1284.720060
804    1288.154480
806    1291.584240
808    1295.023320
810    1298.462400
812    1301.906140
814    1305.349880
816    1308.798280
818    1312.246680
820    1315.699740
822    1319.152800
824    1322.610520
826    1326.072900
828    1329.530620
830    1332.997660
832    1336.460040
834    1339.927080
836    1343.394120
838    1346.865820
840    1350.332860
842    1353.804560
844    1357.280920
846    1360.757280
848    1364.233640
850    1367.714660
852    1371.200340
854    1374.686020
856    1378.176360
858    1381.671360
860    1385.166360
862    1388.670680
864    1392.179660
866    1395.688640
868    1399.202280
870    1402.715920
872    1406.234220
874    1409.757180
876    1413.280140
878    1416.807760
880    1420.335380
882    1423.867660
884    1427.399940
886    1430.932220
888    1434.464500
890    1437.996780
892    1441.533720
894    1445.070660
896    1448.612260
898    1452.153860
900    1455.700120
902    1459.246380
904    1462.797300
906    1466.352880
908    1469.908460
910    1473.468700
912    1477.033600
914    1480.603160
916    1484.177380
918    1487.751600
920    1491.330480
922    1494.914020
924    1498.497560
926    1502.085760
928    1505.678620
930    1509.271480
932    1512.869000
934    1516.471180
936    1520.078020
938    1523.684860
940    1527.296360
942    1530.912520
944    1534.533340
946    1538.154160
948    1541.779640
950    1545.405120
952    1549.035260
954    1552.665400
956    1556.300200
958    1559.935000
960    1563.574460
962    1567.209260
964    1570.844060
966    1574.478860
968    1578.118320
970    1581.762440
972    1585.406560
974    1589.055340
976    1592.704120
978    1596.357560
980    1600.015660
982    1603.678420
984    1607.341180
986    1611.013260
988    1614.690000
990    1618.376060
992    1622.062120
994    1625.748180
996    1629.443560
998    1633.138940
1000    1636.838980
1002    1640.539020
1004    1644.243720
1006    1647.953080
1008    1651.667100
1010    1655.376460
1012    1659.090480
1014    1662.804500
1016    1666.523180
1018    1670.241860
1020    1673.965200
1022    1677.693200
1024    1681.421200
1026    1685.153860
1028    1688.886520
1030    1692.623840
1032    1696.365820
1034    1700.107800
1036    1703.854440
1038    1707.610400
1040    1711.361700
1042    1715.122320
1044    1718.882940
1046    1722.648220
1048    1726.418160
1050    1730.188100
1052    1733.962700
1054    1737.737300
1056    1741.516560
1058    1745.300480
1060    1749.084400
1062    1752.863660
1064    1756.652240
1066    1760.440820
1068    1764.229400
1070    1768.022640
1072    1771.820540
1074    1775.623100
1076    1779.425660
1078    1783.232880
1080    1787.040100
1082    1790.856640
1084    1794.673180
1086    1798.499040
1088    1802.324900
1090    1806.160080
1092    1809.995260
1094    1813.839760
1096    1817.679600
1098    1821.528760
1100    1825.377920
1102    1829.236400
1104    1833.094880
1106    1836.953360
1108    1840.821160
1110    1844.688960
1112    1848.556760
1114    1852.433880
1116    1856.311000
1118    1860.188120
1120    1864.074560
1122    1867.961000
1124    1871.847440
1126    1875.743200
1128    1879.634300
1130    1883.534720
1132    1887.435140
1134    1891.335560
1136    1895.240640
1138    1899.145720
1140    1903.050800
1142    1906.960540
1144    1910.874940
1146    1914.789340
1148    1918.708400
1150    1922.627460
1152    1926.555840
1154    1930.484220
1156    1934.417260
1158    1938.350300
1160    1942.292660
1162    1946.239680
1164    1950.191360
1166    1954.143040
1168    1958.104040
1170    1962.065040
1172    1966.030700
1174    1970.001020
1176    1973.976000
1178    1977.950980
1180    1981.930620
1182    1985.914920
1184    1989.899220
1186    1993.888180
1188    1997.877140
1190    2001.870760
1192    2005.869040
1194    2009.867320
1196    2013.870260
1198    2017.877860
1200    2021.890120
1202    2025.902380
1204    2029.919300
1206    2033.940880
1208    2037.967120
1210    2041.998020
1212    2046.033580
1214    2050.073800
1216    2054.118680
1218    2058.163560
1220    2062.217760
1222    2066.271960
1224    2070.330820
1226    2074.389680
1228    2078.453200
1230    2082.521380
1232    2086.589560
1234    2090.662400
1236    2094.735240
1238    2098.808080
1240    2102.880920
1242    2106.958420
1244    2111.040580
1246    2115.122740
1248    2119.209560
1250    2123.301040
1252    2127.392520
1254    2131.488660
1256    2135.589460
1258    2139.694920
1260    2143.800380
1262    2147.915160
1264    2152.034600
1266    2156.154040
1268    2160.282800
1270    2164.411560
1272    2168.544980
1274    2172.678400
1276    2176.821140
1278    2180.963880
1280    2185.115940
1282    2189.268000
1284    2193.424720
1286    2197.586100
1288    2201.752140
1290    2205.922840
1292    2210.098200
1294    2214.273560
1296    2218.453580
1298    2222.638260
1300    2226.827600
1302    2231.016940
1304    2235.210940
1306    2239.404940
1308    2243.603600
1310    2247.806920
1312    2252.005580
1314    2256.204240
1316    2260.407560
1318    2264.610880
1320    2268.823520
1322    2273.036160
1324    2277.248800
1326    2281.470760
1328    2285.692720
1330    2289.924000
1332    2294.155280
1334    2298.386560
1336    2302.631820
1338    2306.881740
1340    2311.140980
1342    2315.400220
1344    2319.664120
1346    2323.932680
1348    2328.201240
1350    2332.479120
1352    2336.757000
1354    2341.039540
1356    2345.326740
1358    2349.618600
1360    2353.910460
1362    2358.206980
1364    2362.503500
1366    2366.800020
1368    2371.105860
1370    2375.411700
1372    2379.722200
1374    2384.032700
1376    2388.352520
1378    2392.672340
1380    2396.992160
1382    2401.321300
1384    2405.645780
1386    2409.979580
1388    2414.313380
1390    2418.651840
1392    2422.990300
1394    2427.333420
1396    2431.681200
1398    2436.033640
1400    2440.390740
1402    2444.747840
1404    2449.109600
1406    2453.476020
1408    2457.842440
1410    2462.218180
1412    2466.593920
1414    2470.978980
1416    2475.364040
1418    2479.753760
1420    2484.143480
1422    2488.542520
1424    2492.941560
1426    2497.349920
1428    2501.758280
1430    2506.171300
1432    2510.584320
1434    2515.006660
1436    2519.433660
1438    2523.860660
1440    2528.292320
1442    2532.733300
1444    2537.169620
1446    2541.615260
1448    2546.060900
1450    2550.515860
1452    2554.970820
1454    2559.425780
1456    2563.890060
1458    2568.354340
1460    2572.823280
1462    2577.287560
1464    2581.761160
1466    2586.234760
1468    2590.708360
1470    2595.191280
1472    2599.674200
1474    2604.166440
1476    2608.658680
1478    2613.155580
1480    2617.652480
1482    2622.158700
1484    2626.669580
1486    2631.185120
1488    2635.709980
1490    2640.239500
1492    2644.769020
1494    2649.307860
1496    2653.851360
1498    2658.394860
1500    2662.943020
1502    2667.491180
1504    2672.044000
1506    2676.601480
1508    2681.163620
1510    2685.725760
1512    2690.283240
1514    2694.845380
1516    2699.407520
1518    2703.974320
1520    2708.541120
1522    2713.117240
1524    2717.693360
1526    2722.269480
1528    2726.854920
1530    2731.445020
1532    2736.035120
1534    2740.629880
1536    2745.233960
1538    2749.842700
1540    2754.460760
1542    2759.078820
1544    2763.706200
1546    2768.333580
1548    2772.965620
1550    2777.602320
1552    2782.239020
1554    2786.880380
1556    2791.531060
1558    2796.177080
1560    2800.832420
1562    2805.483100
1564    2810.138440
1566    2814.798440
1568    2819.463100
1570    2824.127760
1572    2828.797080
1574    2833.471060
1576    2838.145040
1578    2842.828340
1580    2847.511640
1582    2852.194940
1584    2856.887560
1586    2861.584840
1588    2866.282120
1590    2870.988720
1592    2875.695320
1594    2880.406580
1596    2885.122500
1598    2889.843080
1600    2894.563660
1602    2899.293560
1604    2904.023460
1606    2908.758020
1608    2913.497240
1610    2918.236460
1612    2922.985000
1614    2927.733540
1616    2932.486740
1618    2937.244600
1620    2942.007120
1622    2946.774300
1624    2951.541480
1626    2956.313320
1628    2961.089820
1630    2965.870980
1632    2970.656800
1634    2975.442620
1636    2980.237760
1638    2985.032900
1640    2989.837360
1642    2994.641820
1644    2999.450940
1646    3004.260060
1648    3009.078500
1650    3013.896940
1652    3018.720040
1654    3023.547800
1656    3028.375560
1658    3033.207980
1660    3038.045060
1662    3042.877480
1664    3047.714560
1666    3052.560960
1668    3057.402700
1670    3062.253760
1672    3067.104820
1674    3071.965200
1676    3076.825580
1678    3081.685960
1680    3086.555660
1682    3091.430020
1684    3096.304380
1686    3101.192720
1688    3106.081060
1690    3110.978720
1692    3115.876380
1694    3120.783360
1696    3125.690340
1698    3130.601980
1700    3135.518280
1702    3140.434580
1704    3145.360200
1706    3150.285820
1708    3155.216100
1710    3160.151040
1712    3165.081320
1714    3170.016260
1716    3174.955860
1718    3179.900120
1720    3184.844380
1722    3189.793300
1724    3194.746880
1726    3199.705120
1728    3204.663360
1730    3209.626260
1732    3214.593820
1734    3219.566040
1736    3224.538260
1738    3229.519800
1740    3234.506000
1742    3239.492200
1744    3244.483060
1746    3249.478580
1748    3254.478760
1750    3259.483600
1752    3264.488440
1754    3269.497940
1756    3274.516760
1758    3279.530920
1760    3284.554400
1762    3289.582540
1764    3294.610680
1766    3299.643480
1768    3304.680940
1770    3309.723060
1772    3314.769840
1774    3319.816620
1776    3324.872720
1778    3329.928820
1780    3334.989580
1782    3340.055000
1784    3345.120420
1786    3350.195160
1788    3355.269900
1790    3360.349300
1792    3365.433360
1794    3370.522080
1796    3375.615460
1798    3380.708840
1800    3385.806880
1802    3390.909580
1804    3396.016940
1806    3401.128960
1808    3406.240980
1810    3411.362320
1812    3416.483660
1814    3421.609660
1816    3426.740320
1818    3431.870980
1820    3437.010960
1822    3442.150940
1824    3447.295580
1826    3452.444880
1828    3457.598840
1830    3462.757460
1832    3467.916080
1834    3473.079360
1836    3478.247300
1838    3483.419900
1840    3488.597160
1842    3493.774420
1844    3498.961000
1846    3504.147580
1848    3509.338820
1850    3514.534720
1852    3519.735280
1854    3524.935840
1856    3530.141060
1858    3535.350940
1860    3540.565480
1862    3545.784680
1864    3551.008540
1866    3556.232400
1868    3561.460920
1870    3566.694100
1872    3571.931940
1874    3577.174440
1876    3582.421600
1878    3587.668760
1880    3592.920580
1882    3598.177060
1884    3603.438200
1886    3608.704000
1888    3613.969800
1890    3619.244920
1892    3624.520040
1894    3629.799820
1896    3635.079600
1898    3640.368700
1900    3645.657800
1902    3650.956220
1904    3656.254640
1906    3661.557720
1908    3666.860800
1910    3672.173200
1912    3677.485600
1914    3682.807320
1916    3688.129040
1918    3693.455420
1920    3698.781800
1922    3704.117500
1924    3709.453200
1926    3714.793560
1928    3720.138580
1930    3725.488260
1932    3730.837940
1934    3736.196940
1936    3741.555940
1938    3746.919600
1940    3752.287920
1942    3757.660900
1944    3763.038540
1946    3768.416180
1948    3773.798480
1950    3779.185440
1952    3784.577060
1954    3789.973340
1956    3795.369620
1958    3800.775220
1960    3806.180820
1962    3811.591080
1964    3817.006000
1966    3822.420920
1968    3827.845160
1970    3833.269400
1972    3838.698300
1974    3844.131860
1976    3849.570080
1978    3855.008300
1980    3860.455840
1982    3865.903380
1984    3871.355580
1986    3876.812440
1988    3882.269300
1990    3887.735480
1992    3893.201660
1994    3898.677160
1996    3904.148000
1998    3909.628160
2000    3915.112980
2002    3920.597800
2004    3926.091940
2006    3931.586080
2008    3937.084880
2010    3942.588340
2012    3948.091800
2014    3953.604580
2016    3959.117360
2018    3964.634800
2020    3970.156900
2022    3975.679000
2024    3981.210420
2026    3986.741840
2028    3992.277920
2030    3997.818660
2032    4003.364060
2034    4008.914120
2036    4014.464180
2038    4020.023560
2040    4025.582940
2042    4031.146980
2044    4036.715680
2046    4042.284380
2048    4047.862400
2050    4053.440420
2052    4059.023100
2054    4064.610440
2056    4070.202440
2058    4075.794440
2060    4081.391100
2062    4086.997080
2064    4092.603060
2066    4098.209040
2068    4103.824340
2070    4109.444300
2072    4115.064260
2074    4120.688880
2076    4126.318160
2078    4131.952100
2080    4137.586040
2082    4143.229300
2084    4148.872560
2086    4154.520480
2088    4160.173060
2090    4165.830300
2092    4171.487540
2094    4177.154100
2096    4182.820660
2098    4188.491880
2100    4194.167760
2102    4199.843640
2104    4205.528840
2106    4211.214040
2108    4216.903900
2110    4222.598420
2112    4228.297600
2114    4233.996780
2116    4239.700620
2118    4245.409120
2120    4251.122280
2122    4256.840100
2124    4262.562580
2126    4268.285060
2128    4274.016860
2130    4279.748660
2132    4285.485120
2134    4291.230900
2136    4296.976680
2138    4302.736440
2140    4308.491540
2142    4314.255960
2144    4320.025040
2146    4325.798780
2148    4331.572520
2150    4337.355580
2152    4343.138640
2154    4348.926360
2156    4354.714080
2158    4360.511120
2160    4366.308160
2162    4372.100540
2164    4377.897580
2166    4383.703940
2168    4389.505640
2170    4395.316660
2172    4401.127680
2174    4406.948020
2176    4412.768360
2178    4418.588700
2180    4424.418360
2182    4430.252680
2184    4436.091660
2186    4441.935300
2188    4447.783600
2190    4453.641220
2192    4459.498840
2194    4465.365780
2196    4471.232720
2198    4477.104320
2200    4482.980580
2202    4488.861500
2204    4494.742420
2206    4500.628000
2208    4506.518240
2210    4512.413140
2212    4518.303380
2214    4524.198280
2216    4530.097840
2218    4535.997400
2220    4541.901620
2222    4547.810500
2224    4553.724040
2226    4559.642240
2228    4565.560440
2230    4571.487960
2232    4577.415480
2234    4583.347660
2236    4589.289160
2238    4595.235320
2240    4601.186140
2242    4607.141620
2244    4613.097100
2246    4619.061900
2248    4625.031360
2250    4631.000820
2252    4636.974940
2254    4642.958380
2256    4648.941820
2258    4654.929920
2260    4660.918020
2262    4666.915440
2264    4672.912860
2266    4678.914940
2268    4684.921680
2270    4690.928420
2272    4696.944480
2274    4702.960540
2276    4708.981260
2278    4715.006640
2280    4721.036680
2282    4727.066720
2284    4733.101420
2286    4739.145440
2288    4745.184800
2290    4751.233480
2292    4757.282160
2294    4763.340160
2296    4769.398160
2298    4775.460820
2300    4781.528140
2302    4787.600120
2304    4793.672100
2306    4799.753400
2308    4805.839360
2310    4811.925320
2312    4818.025260
2314    4824.125200
2316    4830.229800
2318    4836.343720
2320    4842.457640
2322    4848.576220
2324    4854.694800
2326    4860.822700
2328    4866.950600
2330    4873.083160
2332    4879.220380
2334    4885.357600
2336    4891.499480
2338    4897.641360
2340    4903.787900
2342    4909.939100
2344    4916.090300
2346    4922.246160
2348    4928.402020
2350    4934.567200
2352    4940.732380
2354    4946.902220
2356    4953.076720
2358    4959.251220
2360    4965.435040
2362    4971.618860
2364    4977.807340
2366    4984.000480
2368    4990.198280
2370    4996.396080
2372    5002.603200
2374    5008.810320
2376    5015.026760
2378    5021.243200
2380    5027.464300
2382    5033.690060
2384    5039.920480
2386    5046.155560
2388    5052.399960
2390    5058.644360
2392    5064.898080
2394    5071.151800
2396    5077.410180
2398    5083.673220
2400    5089.940920
2402    5096.213280
2404    5102.490300
2406    5108.771980
2408    5115.053660
2410    5121.340000
2412    5127.631000
2414    5133.926660
2416    5140.222320
2418    5146.527300
2420    5152.832280
2422    5159.141920
2424    5165.451560
2426    5171.770520
2428    5178.094140
2430    5184.417760
2432    5190.746040
2434    5197.078980
2436    5203.411920
2438    5209.754180
2440    5216.096440
2442    5222.448020
2444    5228.799600
2446    5235.151180
2448    5241.512080
2450    5247.877640
2452    5254.243200
2454    5260.613420
2456    5266.988300
2458    5273.367840
2460    5279.747380
2462    5286.136240
2464    5292.525100
2466    5298.913960
2468    5305.312140
2470    5311.714980
2472    5318.117820
2474    5324.525320
2476    5330.942140
2478    5337.358960
2480    5343.780440
2482    5350.206580
2484    5356.637380
2486    5363.072840
2488    5369.517620
2490    5375.962400
2492    5382.416500
2494    5388.870600
2496    5395.334020
2498    5401.797440
2500    5408.265520
2502    5414.733600
2504    5421.211000
2506    5427.688400
2508    5434.170460
2510    5440.657180
2512    5447.139240
2514    5453.625960
2516    5460.117340
2518    5466.608720
2520    5473.109420
2522    5479.605460
2524    5486.110820
2526    5492.620840
2528    5499.135520
2530    5505.650200
2532    5512.169540
2534    5518.698200
2536    5525.226860
2538    5531.764840
2540    5538.307480
2542    5544.854780
2544    5551.406740
2546    5557.963360
2548    5564.519980
2550    5571.085920
2552    5577.651860
2554    5584.227120
2556    5590.802380
2558    5597.382300
2560    5603.966880
2562    5610.551460
2564    5617.140700
2566    5623.734600
2568    5630.333160
2570    5636.936380
2572    5643.539600
2574    5650.147480
2576    5656.760020
2578    5663.377220
2580    5669.999080
2582    5676.625600
2584    5683.252120
2586    5689.883300
2588    5696.519140
2590    5703.159640
2592    5709.804800
2594    5716.454620
2596    5723.104440
2598    5729.758920
2600    5736.418060
2602    5743.081860
2604    5749.750320
2606    5756.418780
2608    5763.091900
2610    5769.774340
2612    5776.452120
2614    5783.139220
2616    5789.826320
2618    5796.518080
2620    5803.214500
2622    5809.915580
2624    5816.621320
2626    5823.331720
2628    5830.046780
2630    5836.761840
2632    5843.486220
2634    5850.210600
2636    5856.944300
2638    5863.682660
2640    5870.425680
2642    5877.173360
2644    5883.921040
2646    5890.678040
2648    5897.439700
2650    5904.201360
2652    5910.967680
2654    5917.738660
2656    5924.518960
2658    5931.294600
2660    5938.079560
2662    5944.864520
2664    5951.654140
2666    5958.448420
2668    5965.247360
2670    5972.050960
2672    5978.854560
2674    5985.662820
2676    5992.475740
2678    5999.293320
2680    6006.115560
2682    6012.937800
2684    6019.769360
2686    6026.600920
2688    6033.437140
2690    6040.273360
2692    6047.114240
2694    6053.964440
2696    6060.814640
2698    6067.669500
2700    6074.529020
2702    6081.393200
2704    6088.257380
2706    6095.130880
2708    6102.009040
2710    6108.887200
2712    6115.779340
2714    6122.671480
2716    6129.568280
2718    6136.469740
2720    6143.375860
2722    6150.286640
2724    6157.202080
2726    6164.117520
2728    6171.042280
2730    6177.967040
2732    6184.891800
2734    6191.825880
2736    6198.759960
2738    6205.689380
2740    6212.628120
2742    6219.566860
2744    6226.510260
2746    6233.458320
2748    6240.406380
2750    6247.363760
2752    6254.321140
2754    6261.283180
2756    6268.249880
2758    6275.221240
2760    6282.197260
2762    6289.177940
2764    6296.167940
2766    6303.162600
2768    6310.157260
2770    6317.161240
2772    6324.165220
2774    6331.173860
2776    6338.187160
2778    6345.205120
2780    6352.227740
2782    6359.255020
2784    6366.282300
2786    6373.318900
2788    6380.355500
2790    6387.392100
2792    6394.438020
2794    6401.483940
2796    6408.534520
2798    6415.589760
2800    6422.649660
2802    6429.714220
2804    6436.778780
2806    6443.852660
2808    6450.926540
2810    6458.005080
2812    6465.088280
2814    6472.171480
2816    6479.259340
2818    6486.351860
2820    6493.449040
2822    6500.550880
2824    6507.657380
2826    6514.763880
2828    6521.879700
2830    6528.995520
2832    6536.116000
2834    6543.245800
2836    6550.375600
2838    6557.514720
2840    6564.658500
2842    6571.802280
2844    6578.955380
2846    6586.113140
2848    6593.270900
2850    6600.433320
2852    6607.600400
2854    6614.772140
2856    6621.948540
2858    6629.129600
2860    6636.315320
2862    6643.501040
2864    6650.691420
2866    6657.881800
2868    6665.081500
2870    6672.281200
2872    6679.490220
2874    6686.699240
2876    6693.912920
2878    6701.126600
2880    6708.349600
2882    6715.572600
2884    6722.800260
2886    6730.032580
2888    6737.269560
2890    6744.511200
2892    6751.752840
2894    6759.003800
2896    6766.254760
2898    6773.510380
2900    6780.766000
2902    6788.030940
2904    6795.295880
2906    6802.570140
2908    6809.844400
2910    6817.123320
2912    6824.402240
2914    6831.685820
2916    6838.974060
2918    6846.266960
2920    6853.564520
2922    6860.866740
2924    6868.173620
2926    6875.480500
2928    6882.796700
2930    6890.112900
2932    6897.433760
2934    6904.759280
2936    6912.094120
2938    6919.433620
2940    6926.773120
2942    6934.121940
2944    6941.470760
2946    6948.828900
2948    6956.187040
2950    6963.549840
2952    6970.917300
2954    6978.289420
2956    6985.666200
2958    6993.047640
2960    7000.429080
2962    7007.815180
2964    7015.205940
2966    7022.601360
2968    7029.996780
2970    7037.401520
2972    7044.806260
2974    7052.215660
2976    7059.629720
2978    7067.043780
2980    7074.467160
2982    7081.890540
2984    7089.318580
2986    7096.751280
2988    7104.188640
2990    7111.626000
2992    7119.072680
2994    7126.519360
2996    7133.970700
2998    7141.426700
3000    7148.887360
