 70    1507.322653
 72    1576.067821
 74    1645.426419
 76    1715.398448
 78    1785.970277
 80    1857.182800
 82    1928.995123
 84    2001.434508
 86    2074.500956
 88    2148.180835
 90    2222.501408
 92    2297.449045
 94    2373.023744
 96    2449.239138
 98    2526.081594
100    2603.564746
102    2681.688591
104    2760.453132
106    2839.858367
108    2919.917928
110    3000.631816
112    3081.986398
114    3163.995307
116    3246.658542
118    3329.976104
120    3413.947992
122    3498.587838
124    3583.895643
126    3669.857773
128    3756.501494
130    3843.799541
132    3931.779179
134    4020.426774
136    4109.755959
138    4199.766735
140    4290.445468
142    4381.819424
144    4473.861337
146    4566.598473
148    4660.030830
150    4754.144777
152    4848.953946
154    4944.458337
156    5040.657950
158    5137.552784
160    5235.156472
162    5333.455382
164    5432.463145
166    5532.179762
168    5632.605233
170    5733.739557
172    5835.596367
174    5938.162030
176    6041.436547
178    6145.447181
180    6250.166668
182    6355.622273
184    6461.800363
186    6568.700939
188    6676.337632
190    6784.696810
192    6893.805737
194    7003.650781
196    7114.218311
198    7225.535590
200    7337.602618
202    7450.405763
204    7563.958657
206    7678.274932
208    7793.327324
210    7909.129465
212    8025.694986
214    8143.023889
216    8261.102541
218    8379.944573
220    8499.563618
222    8619.932412
224    8741.078219
226    8862.987406
228    8985.673606
230    9109.136819
232    9233.377044
234    9358.394282
236    9484.188532
238    9610.773427
240    9738.135334
242    9866.287886
244    9995.231082
246   10124.964923
248   10255.489408
250   10386.804537
252   10518.937575
254   10651.861256
256   10785.575583
258   10920.107817
260   11055.444327
262   11191.585114
264   11328.530177
266   11466.306779
268   11604.874026
270   11744.272813
272   11884.475876
274   12025.524111
276   12167.376621
278   12310.060672
280   12453.576262
282   12597.909761
284   12743.074799
286   12889.085009
288   13035.926758
290   13183.613680
292   13332.132141
294   13481.495773
296   13631.800000
298   13782.744921
300   13934.644069
302   14087.388388
304   14240.991510
306   14395.453436
308   14550.760533
310   14706.926434
312   14863.964770
314   15021.861910
316   15180.617852
318   15340.246230
320   15500.747044
322   15662.106660
324   15824.365976
326   15987.470463
328   16151.474648
330   16316.351269
332   16482.100326
334   16648.735449
336   16816.270271
338   16984.691160
340   17153.984484
342   17324.191139
344   17495.283861
346   17667.276281
348   17840.154769
350   18013.946587
352   18188.638104
354   18364.242952
356   18540.733866
358   18718.165375
360   18896.482951
362   19075.713857
364   19255.885358
366   19436.956557
368   19618.941087
370   19801.852580
372   19985.691034
374   20170.456452
376   20356.148831
378   20542.768173
380   20730.314478
382   20918.815008
384   21108.242501
386   21298.596956
388   21489.905637
390   21682.154913
392   21875.344782
394   22069.488878
396   22264.573568
398   22460.626115
400   22657.605625
402   22855.566625
404   23054.468219
406   23254.337670
408   23455.161348
410   23656.966515
412   23859.725908
414   24063.439527
416   24268.134636
418   24473.811235
420   24680.455691
422   24888.081637
424   25096.675440
426   25306.264365
428   25516.821148
430   25728.373052
432   25940.906446
434   26154.434961
436   26368.944966
438   26584.450092
440   26800.963972
442   27018.459341
444   27236.963463
446   27456.476338
448   27676.984335
450   27898.487453
452   28121.012956
454   28344.547213
456   28569.090222
458   28794.655617
460   29021.216133
462   29248.826298
464   29477.431584
466   29707.072886
468   29937.736574
470   30169.436279
472   30402.144737
474   30635.889211
476   30870.683334
478   31106.499843
480   31343.352368
482   31581.254541
484   31820.192732
486   32060.166939
488   32301.204426
490   32543.277931
492   32786.401084
494   33030.573885
496   33275.823599
498   33522.109330
500   33769.444709
502   34209.874535
504   34480.847456
506   34752.924552
508   35026.105824
510   35300.418535
512   35575.862686
514   35852.438276
516   36130.172569
518   36409.065566
520   36689.144528
522   36970.409458
524   37252.860354
526   37536.524480
528   37821.401836
530   38107.506055
532   38394.864399
534   38683.449605
536   38973.302568
538   39264.436921
540   39556.825399
542   39850.536162
544   40145.514682
546   40441.829119
548   40739.465840
550   41038.424846
552   41338.747031
554   41640.405134
556   41943.426416
558   42247.838142
560   42553.626679
562   42860.819292
564   43169.415981
566   43479.416744
568   43790.876111
570   44103.753184
572   44418.075229
574   44733.869508
576   45051.136021
578   45369.874768
580   45690.113014
582   46011.850758
584   46335.101631
586   46659.865634
588   46986.183663
590   47314.028453
592   47643.440900
594   47974.421004
596   48306.968765
598   48641.111446
600   48976.835417
602   49314.195203
604   49653.149910
606   49993.740433
608   50335.966772
610   50679.856191
612   51025.395057
614   51372.624267
616   51721.516556
618   52072.112820
620   52424.399427
622   52778.417273
624   53134.139094
626   53491.605786
628   53850.817348
630   54211.787412
632   54574.529610
634   54939.043942
636   55305.344039
638   55673.457167
640   56043.356060
642   56415.095246
644   56788.647461
646   57164.053601
648   57541.300034
650   57920.414024
652   58301.395571
654   58684.271937
656   59069.029492
658   59455.695499
660   59844.283590
662   60234.793765
664   60627.226023
666   61021.621261
668   61417.965846
670   61816.287042
672   62216.584849
674   62618.859267
676   63023.137559
678   63429.433358
680   63837.746664
682   64248.091107
684   64660.466689
686   65074.914304
688   65491.406690
690   65909.984741
692   66330.634825
694   66753.384207
696   67178.246517
698   67605.221757
700   68034.323557
702   68465.565550
704   68898.947736
706   69334.483746
708   69772.187212
710   70212.085398
712   70654.164672
714   71098.438666
716   71544.934643
718   71993.638972
720   72444.578916
722   72897.768107
724   73353.206545
726   73810.907862
728   74270.885689
730   74733.153659
732   75197.698139
734   75664.573657
736   76133.752950
738   76605.249648
740   77079.104648
742   77555.290686
744   78033.835025
746   78514.764929
748   78998.066766
750   79483.754168
752   79971.840767
754   80462.353826
756   80955.279714
758   81450.632063
760   81948.438135
762   82448.697932
764   82951.411452
766   83456.605960
768   83964.295087
770   84474.465202
772   84987.157200
774   85502.357450
776   86020.093214
778   86540.364492
780   87063.184918
782   87588.554490
784   88116.500472
786   88647.036496
788   89180.148931
790   89715.865039
792   90254.212084
794   90795.162804
796   91338.758092
798   91884.997950
800   92433.882377
802   92985.438637
804   93539.666730
806   94096.593919
808   94656.206572
810   95218.531954
812   95783.570064
814   96351.348166
816   96921.852628
818   97495.110713
820   98071.136054
822   98649.915018
824   99231.502133
826   99815.856504
828   100403.005394
830   100993.003329
832   101585.795784
834   102181.505444
836   102779.900569
838   103381.294689
840   103985.496961
842   104592.602806
844   105202.503169
846   105815.402529
848   106431.205462
850   107049.898337
852   107671.494785
854   108296.103861
856   108923.602879
858   109554.100893
860   110187.502480
862   110823.998485
864   111463.398064
866   112105.796639
868   112751.303265
870   113399.699832
872   114051.299872
874   114705.803485
876   115363.401517
878   116024.107599
880   116687.799046
882   117354.707597
884   118024.601513
886   118697.698902
888   119373.795286
890   120053.095144
892   120735.598474
894   121421.196224
896   122109.902023
898   122801.906718
900   123497.005832
902   124195.308419
904   124896.800847
906   125601.496748
908   126309.505176
910   127020.608023
912   127735.105189
914   128452.805827
916   129173.696306
918   129898.008367
920   130625.496638
922   131356.297436
924   132090.506184
926   132827.904773
928   133568.697681
930   134312.803115
932   135060.302868
934   135811.196940
936   136565.417170
938   137322.936296
940   138083.999690
942   138848.334716
944   139616.214010
946   140387.501254
948   141162.060130
950   141940.299592
952   142721.947004
954   143506.866048
956   144295.465678
958   145087.473258
960   145883.025106
962   146682.121222
964   147484.625288
966   148290.673622
968   149100.402542
970   149913.539412
972   150730.356868
974   151550.582274
976   152374.488266
978   153202.074844
980   154033.205690
982   154867.880804
984   155706.236504
986   156548.272790
988   157393.853344
990   158243.250802
992   159096.192528
994   159952.951158
996   160813.254056
998   161677.237540
1000   162545.037928
1002   163416.518902
1004   164291.680462
1006   165170.658926
1008   166053.454294
1010   166939.930248
1012   167830.086788
1014   168724.196550
1016   169621.986898
1018   170523.594150
1020   171429.154624
1022   172338.395684
1024   173251.453648
1026   174168.464834
1028   175089.292924
1030   176013.937918
1032   176942.536134
1034   177875.087572
1036   178811.455914
1038   179751.777478
1040   180696.052264
1042   181644.143954
1044   182596.325184
1046   183552.323318
1048   184512.274674
1050   185476.315570
1052   186444.309688
1054   187416.257028
1056   188392.293908
1058   189372.284010
1060   190356.363652
1062   191344.396516
1064   192336.518920
1066   193332.730864
1068   194333.032348
1070   195337.287054
1072   196345.767618
1074   197358.337722
1076   198374.861048
1078   199395.746550
1080   200420.585274
1082   201449.649856
1084   202482.940296
1086   203520.320276
1088   204561.789796
1090   205607.621492
1092   206657.542728
1094   207711.553504
1096   208770.062774
1098   209832.661584
1100   210899.349934
1102   211970.536778
1104   213045.949480
1106   214125.451722
1108   215209.452458
1110   216297.542734
1112   217390.131504
1114   218486.946132
1116   219588.136568
1118   220693.648284
1120   221803.426754
1122   222917.553768
1124   224036.056590
1126   225159.166960
1128   226286.380502
1130   227418.106170
1132   228554.180382
1134   229694.739456
1136   230839.674338
1138   231989.107714
1140   233143.039584
1142   234301.469948
1144   235464.276120
1146   236631.417204
1148   237803.206732
1150   238979.508386
1152   240160.267638
1154   241345.716230
1156   242535.472470
1158   243729.918050
1160   244928.957546
1162   246132.372850
1164   247340.572916
1166   248553.230580
1168   249770.550320
1170   250992.504872
1172   252218.985182
1174   253450.182094
1176   254686.041082
1178   255926.534882
1180   257171.554440
1182   258421.454182
1184   259675.852418
1186   260935.130838
1188   262198.948648
1190   263467.673906
1192   264740.870394
1194   266018.974330
1196   267301.740342
1198   268589.400170
1200   269881.708442
1202   271178.896898
1204   272480.883748
1206   273787.491778
1208   275098.979992
1210   276415.416550
1212   277736.487920
1214   279062.562160
1216   280393.462058
1218   281729.242140
1220   283069.779720
1222   284415.238380
1224   285765.727174
1226   287121.014362
1228   288481.208998
1230   289846.420136
1232   291216.538722
1234   292591.455702
1236   293971.539134
1238   295356.543646
1240   296746.428342
1242   298141.356804
1244   299541.369928
1246   300946.249604
1248   302356.322996
1250   303771.290204
1252   305191.314810
1254   306616.383182
1256   308046.658902
1258   309481.801174
1260   310922.137162
1262   312367.666866
1264   313818.213072
1266   315273.803044
1268   316734.600364
1270   318200.564136
1272   319671.571674
1274   321147.759296
1276   322629.263320
1278   324115.797478
1280   325607.538984
1282   327104.596892
1284   328606.807620
1286   330114.212064
1288   331626.932910
1290   333144.847472
1292   334667.901222
1294   336196.298638
1296   337730.026088
1298   339269.056308
1300   340813.280244
1302   342362.943268
1304   343917.772744
1306   345478.068572
1308   347043.544484
1310   348614.473116
1312   350190.854468
1314   351772.552222
1316   353359.552746
1318   354952.033254
1320   356549.830164
1322   358153.052530
1324   359761.727616
1326   361375.869054
1328   362995.354158
1330   364620.387404
1332   366250.887002
1334   367886.839320
1336   369528.230726
1338   371175.238434
1340   372827.685230
1342   374485.707432
1344   376149.209618
1346   377818.150892
1348   379492.831154
1350   381173.059558
1352   382858.631628
1354   384550.079004
1356   386246.979100
1358   387949.440970
1360   389657.628196
1362   391371.431724
1364   393090.674340
1366   394815.792262
1368   396546.458326
1370   398282.754324
1372   400024.898364
1374   401772.631442
1376   403525.953558
1378   405285.260034
1380   407050.060126
1382   408820.544678
1384   410597.027222
1386   412378.976118
1388   414166.936638
1390   415960.486196
1392   417759.883796
1394   419565.129438
1396   421376.127700
1398   423192.960372
1400   425015.654718
1402   426844.101684
1404   428678.383060
1406   430518.553374
1408   432364.571730
1410   434216.588078
1412   436074.466100
1414   437938.055846
1416   439807.820798
1418   441683.283842
1420   443564.853932
1422   445452.176642
1424   447345.647294
1426   449244.993252
1428   451150.255410
1430   453061.610984
1432   454978.896390
1434   456902.220684
1436   458831.515706
1438   460766.999566
1440   462708.249676
1442   464655.702256
1444   466609.180092
1446   468568.846764
1448   470534.593220
1450   472506.269508
1452   474483.971052
1454   476467.929592
1456   478458.063338
1458   480454.290498
1460   482456.638336
1462   484465.188644
1464   486479.818734
1466   488500.583134
1468   490527.645426
1470   492560.937450
1472   494600.268362
1474   496645.992588
1476   498697.864756
1478   500756.021184
1480   502820.257394
1482   504891.050500
1484   506967.868862
1486   509050.930588
1488   511140.549210
1490   513236.302142
1492   515338.352966
1494   517446.783472
1496   519561.470974
1498   521682.592686
1500   523809.971394
1502   526621.775516
1504   528864.738256
1506   531113.589934
1508   533368.562290
1510   535629.682588
1512   537896.937196
1514   540170.162532
1516   542449.794814
1518   544735.452352
1520   547027.503204
1522   549325.701998
1524   551630.130524
1526   553941.115946
1528   556258.140256
1530   558581.707830
1532   560911.614190
1534   563247.818442
1536   565590.743172
1538   567939.884002
1540   570295.595360
1542   572657.754560
1544   575026.566078
1546   577401.866332
1548   579783.791642
1550   582172.301110
1552   584567.585584
1554   586969.358794
1556   589377.852482
1558   591793.093910
1560   594215.055816
1562   596643.874518
1564   599079.454592
1566   601521.836934
1568   603971.103336
1570   606427.267428
1572   608890.261052
1574   611360.206894
1576   613837.077690
1578   616320.968864
1580   618811.880414
1582   621309.757814
1584   623814.751014
1586   626326.832750
1588   628845.975758
1590   631372.343620
1592   633905.840914
1594   636446.358584
1596   638994.319218
1598   641549.450178
1600   644111.805992
1602   646681.550242
1604   649258.369396
1606   651842.822358
1608   654434.513806
1610   657033.525530
1612   659640.089272
1614   662253.986922
1616   664875.354798
1618   667504.288324
1630   683436.713578
1632   686118.892914
1634   688808.706058
1636   691506.153010
1638   694211.574566
1640   696924.684456
1642   699645.591736
1644   702374.255510
1646   705110.866624
1648   707855.329654
1650   710607.862710
1652   713368.029574
1654   716136.361886
1656   718912.764224
1658   721697.059374
1660   724489.260968
1662   727289.628010
1664   730098.215028
1666   732914.803912
1668   735739.612772
1670   738572.546184
1672   741413.672308
1674   744263.032040
1676   747120.652642
1678   749986.493220
1680   752860.594668
1682   755743.175096
1684   758634.084554
1686   761533.145828
1688   764440.795136
1690   767356.909792
1692   770281.353478
1694   773214.385198
1696   776155.977688
1698   779105.912840
1700   782064.572344
1702   785031.751722
1704   788007.478240
1706   790991.874582
1708   793984.858958
1710   796986.731268
1712   799997.177980
1714   803016.362676
1716   806044.394410
1718   809081.164128
1720   812126.767252
1722   815181.217414
1724   818244.555510
1726   821316.781540
1728   824397.854608
1730   827487.761082
1732   830586.923548
1734   833694.837630
1736   836812.048600
1738   839938.092976
1740   843073.243394
1742   846217.554382
1744   849371.012308
1746   852533.467222
1748   855705.328078
1750   858886.131394
1752   862076.408812
1754   865275.778640
1756   868484.568042
1758   871702.613436
1760   874929.901191
1762   878166.663046
1764   881412.789949
1766   884668.377320
1768   887933.316106
1770   891207.728993
1772   894491.602350
1774   897785.058862
1776   901088.057633
1778   904400.544138
1780   907722.586534
1782   911054.402931
1784   914395.788852
1786   917746.744296
1788   921107.691850
1790   924478.099873
1792   927858.281896
1794   931248.333343
1796   934648.172422
1798   938057.894556
1800   941477.281636
1802   944906.660825
1804   948345.909438
1806   951795.150160
1808   955254.273938
1810   958723.267138
1812   962202.456925
1814   965691.747875
1816   969190.908249
1818   972700.251578
1820   976219.587015
1822   979749.228094
1824   983288.847650
1826   986838.854638
1828   990398.962790
1830   993969.362950
1832   997549.850643
1834   1001141.052930
1836   1004742.042850
1838   1008354.033632
1840   1011976.030156
1842   1015607.991525
1844   1019251.090075
1846   1022903.976258
1848   1026568.081412
1850   1030241.960566
1852   1033927.085955
1854   1037622.080768
1856   1041327.994652
1858   1045043.996069
1860   1048771.025611
1862   1052508.974226
1864   1056257.010372
1866   1060015.979222
1868   1063785.948935
1870   1067567.069460
1872   1071358.059408
1874   1075159.968428
1876   1078973.000997
1878   1082797.075324
1880   1086632.055090
1882   1090478.062983
1884   1094334.049354
1886   1098202.113499
1888   1102080.987662
1890   1105970.044780
1892   1109871.070617
1894   1113783.124581
1896   1117704.952546
1898   1121638.940076
1900   1125583.955733
1902   1129541.049164
1904   1133508.012018
1906   1137487.039016
1908   1141477.080507
1910   1145477.959280
1912   1149490.057024
1914   1153514.014435
1916   1157549.095394
1918   1161596.036019
1920   1165654.004770
1922   1169723.097070
1924   1173804.035404
1926   1177896.015496
1928   1182000.059731
1930   1186115.009407
1932   1190242.036857
1934   1194381.019395
1936   1198531.030060
1938   1202692.995813
1940   1206866.085116
1942   1211051.034084
1944   1215247.951772
1946   1219457.029027
1948   1223677.025353
1950   1227909.099453
1952   1232153.019588
1954   1236409.003866
1956   1240676.016271
1958   1244956.019780
1960   1249247.051416
1962   1253550.992366
1964   1257866.043234
1966   1262193.062822
1968   1266532.978092
1970   1270884.016912
1972   1275248.074100
1974   1279623.963691
1976   1284010.990462
1978   1288411.021971
1980   1292823.008568
1982   1297247.999902
1984   1301683.910309
1986   1306132.920875
1988   1310594.009215
1990   1315066.943590
1992   1319553.087180
1994   1324050.981380
1996   1328562.084795
1998   1333085.034245
2000   1337619.952414
2002   1342168.093430
2004   1346728.066848
2006   1351300.949580
2008   1355886.005510
2010   1360484.052546
2012   1365095.308795
2014   1369717.797648
2016   1374354.013724
2018   1379002.402996
2020   1383663.169944
2022   1388337.446005
2024   1393024.113372
2026   1397722.940305
2028   1402435.494460
2030   1407160.317235
2032   1411898.662756
2034   1416649.385952
2036   1421413.631893
2038   1426188.905960
2040   1430979.147744
2042   1435781.562725
2044   1440596.355380
2046   1445424.766204
2048   1450266.699773
2050   1455122.374196
2052   1459990.303608
2054   1464870.515272
2056   1469765.694652
2058   1474671.793104
2060   1479592.886535
2062   1484526.234955
2064   1489473.215175
2066   1494433.813564
2068   1499406.680572
2070   1504394.542560
2072   1509394.659536
2074   1514408.503735
2076   1519435.884312
2078   1524475.519876
2080   1529530.245844
2082   1534598.494556
2084   1539679.107312
2086   1544774.715047
2088   1549882.468716
2090   1555003.963240
2092   1560140.439112
2094   1565289.183604
2096   1570451.546264
2098   1575627.540724
2100   1580818.502900
2102   1586021.733696
2104   1591240.054895
2106   1596471.898840
2108   1601717.360953
2110   1606976.550288
2112   1612249.371424
2114   1617537.160275
2116   1622838.485505
2118   1628153.524325
2120   1633482.181313
2122   1638824.579155
2124   1644181.849292
2126   1649554.087145
2128   1654938.716304
2130   1660338.204125
2132   1665751.419168
2134   1671179.615560
2136   1676621.443752
2138   1682076.876480
2140   1687548.653736
2142   1693032.808667
2144   1698530.472712
2146   1704044.467653
2148   1709572.203448
2150   1715113.557412
2152   1720671.228640
2154   1726242.531668
2156   1731827.466496
2158   1737427.464464
2160   1743040.998808
2162   1748669.609924
2164   1754313.188755
2166   1759970.303965
2168   1765643.831861
2170   1771331.100612
2172   1777033.350711
2174   1782750.350417
2176   1788481.295455
2178   1794227.017365
2180   1799987.911467
2182   1805763.582441
2184   1811554.439240
2186   1817358.805153
2188   1823179.611016
2190   1829014.144103
2192   1834863.454060
2194   1840729.190336
2196   1846608.653835
2198   1852504.339176
2200   1858413.751740
2202   1864339.604254
2204   1870278.965883
2206   1876234.562985
2208   1882203.873677
2210   1888189.637953
2212   1894190.356313
2214   1900206.069653
2216   1906236.750709
2218   1912283.858085
2220   1918344.501837
2222   1924421.571909
2224   1930513.609697
2226   1936622.087436
2228   1942745.532892
2230   1948883.959695
2232   1955037.367847
2234   1961206.997841
2236   1967391.813660
2238   1973591.597195
2240   1979807.616205
2242   1986038.821039
2244   1992286.234084
2246   1998548.642108
2248   2004827.476452
2250   2011121.278512
2252   2017431.520523
2254   2023756.525773
2256   2030098.175451
2258   2036454.588368
2260   2042827.441236
2262   2049216.720424
2264   2055619.522356
2266   2062041.463336
2268   2068477.131539
2270   2074929.021584
2272   2081397.351579
2274   2087880.649291
2276   2094381.627447
2278   2100897.586952
2280   2107429.972775
2282   2113978.594073
2284   2120542.387564
2286   2127122.416528
2288   2133720.330414
2290   2140331.548937
2292   2146962.110985
2294   2153607.654380
2296   2160269.433249
2298   2166946.384312
2300   2173641.015819
2302   2180350.628674
2304   2187077.908343
2306   2193821.423485
2308   2200581.378577
2310   2207357.759989
2312   2214150.567720
2314   2220959.597293
2316   2227785.066816
2318   2234628.216785
2320   2241486.348101
2322   2248362.350707
2324   2255254.588787
2326   2262163.062341
2328   2269088.153059
2330   2276029.479251
2332   2282988.485887
2334   2289965.186600
2336   2296956.841397
2338   2303966.394748
2340   2310993.628544
2342   2318035.843687
2344   2325095.725644
2346   2332172.047551
2348   2339266.049903
2350   2346377.732699
2352   2353504.396844
2354   2360648.727801
2356   2367810.957312
2358   2374989.408665
2360   2382185.758571
2362   2389398.316687
2364   2396628.568880
2366   2403876.692363
2368   2411139.606348
2370   2418421.645749
2372   2425721.570072
2374   2433036.475743
2376   2440371.556477
2378   2447721.809406
2380   2455089.960887
2382   2462475.588336
2384   2469879.100707
2386   2477298.848552
2388   2484737.721812
2390   2492193.021391
2392   2499665.796937
2394   2507156.471037
2396   2514663.571456
2398   2522189.810923
2400   2529733.512725
2402   2537293.654477
2404   2544871.681152
2406   2552468.642396
2408   2560083.488563
2410   2567714.556571
2412   2575364.559149
2414   2583031.206155
2416   2590715.315497
2418   2598418.768364
2420   2606139.697197
2422   2613878.510953
2424   2621635.005153
2426   2629410.638400
2428   2637202.507121
2430   2645013.501257
2432   2652842.380315
2434   2660687.494847
2436   2668552.975288
2438   2676436.367914
2440   2684337.209245
2442   2692255.949128
2444   2700192.383088
2446   2708149.182957
2448   2716122.422777
2450   2724113.547519
2452   2732124.847325
2454   2740152.587081
2456   2748199.465885
2458   2756265.470104
2460   2764349.154767
2462   2772450.533507
2464   2780572.278156
2466   2788710.462756
2468   2796867.786404
2470   2805045.503224
2472   2813239.632731
2474   2821452.710440
2476   2829683.659439
2478   2837933.543008
2480   2846202.565625
2482   2854490.727288
2484   2862798.014367
2486   2871122.995523
2488   2879466.897616
2490   2887828.684632
2492   2896210.864820
2494   2904610.725453
2496   2913029.711501
2498   2921467.836596
2500   2929925.100739
2502   2938401.299452
2504   2946896.637212
2506   2955409.641785
2508   2963941.785405
2510   2972494.322197
2512   2981064.743912
2514   2989655.545167
2516   2998264.026867
2518   3006892.901740
2520   3015539.457057
2522   3024206.596393
2524   3032892.874775
2526   3041598.074096
2528   3050322.426096
2530   3059065.903512
2532   3067828.315497
2534   3076611.311501
2536   3085413.446552
2538   3094234.516173
2540   3103073.470715
2542   3111934.058925
2544   3120813.786181
2546   3129712.638853
2548   3138630.630572
2550   3147569.015464
2552   3156526.539403
2554   3165504.429251
2556   3174501.267301
2558   3183517.435244
2560   3192553.996359
2562   3201609.492045
2564   3210685.571748
2566   3219780.776867
2568   3228896.375159
2570   3238030.908021
2572   3247186.038533
2574   3256360.294460
2576   3265554.929928
2578   3274768.718075
2580   3284004.126257
2582   3293257.419361
2584   3302532.564240
2586   3311826.630057
2588   3321142.752127
2590   3330476.336533
2592   3339830.518588
2594   3349206.538787
2596   3358601.493556
2598   3368015.587373
2600   3377451.505701
2602   3386906.576708
2604   3396382.027256
2606   3405879.315948
2608   3415395.743687
2610   3424932.550967
2612   3434488.292817
2614   3444066.077288
2616   3453664.241300
2618   3463281.557991
2620   3472920.494716
2622   3482580.029092
2624   3492260.147485
2626   3501960.250097
2628   3511681.141205
2630   3521422.425485
2632   3531185.752385
2634   3540966.541622
2636   3550771.895362
2638   3560594.711437
2640   3570439.570134
2642   3580304.822003
2644   3590190.875999
2646   3600098.563662
2648   3610026.630865
2650   3619975.077610
2652   3629945.158021
2654   3639934.800065
2656   3649947.316270
2658   3659978.971522
2660   3670033.500934
2662   3680107.591979
2664   3690202.062565
2666   3700319.407312
2668   3710455.904737
2670   3720614.431152
2672   3730794.604865
2674   3740996.821198
2676   3751217.753993
2678   3761460.743040
2680   3771725.365754
2682   3782012.031088
2684   3792319.089595
2686   3802646.527644
2688   3812997.248806
2690   3823368.376773
2692   3833761.124775
2694   3844174.252318
2696   3854609.436114
2698   3865066.676162
2700   3875545.113658
2702   3886044.366914
2704   3896566.916915
2706   3907109.846458
2708   3917674.396035
2710   3928261.015497
2712   3938869.254993
2714   3949497.887663
2716   3960149.803446
2718   3970822.112403
2720   3981517.718105
2722   3992233.294395
2724   4002972.576385
2726   4013732.251547
2728   4024513.546745
2730   4035318.152320
2732   4046144.377930
2734   4056992.659793
2736   4067861.321196
2738   4078753.292978
2740   4089666.884794
2742   4100602.110277
2744   4111559.378381
2746   4122539.956863
2748   4133542.155379
2750   4144566.001194
2752   4155613.130123
2754   4166681.061179
2756   4177771.880027
2758   4188884.318910
2760   4200020.477125
2762   4211177.860053
2764   4222358.526095
2766   4233559.994264
2768   4244784.350225
2770   4256030.748806
2772   4267301.289306
2774   4278592.618300
2776   4289906.821455
2778   4301244.743942
2780   4312602.637015
2782   4323985.080961
2784   4335389.567527
2786   4346816.928254
2788   4358266.345233
2790   4369739.058958
2792   4381234.646844
2794   4392752.277350
2796   4404292.809280
2798   4415856.624325
2800   4427442.481990
2802   4439051.227447
2804   4450683.269651
2806   4462338.199647
2808   4474015.581217
2810   4485715.441626
2812   4497438.994103
2814   4509185.448004
2816   4520955.185019
2818   4532746.555701
2820   4544562.477255
2822   4556400.441429
2824   4568262.956475
2826   4580147.105188
2828   4592054.537015
2830   4603986.519714
2832   4615941.390206
2834   4627918.303317
2836   4639918.513175
2838   4651943.273905
2840   4663989.654670
2842   4676060.586306
2844   4688154.405735
2846   4700271.930864
2848   4712413.584278
2850   4724577.280314
2852   4736765.527221
2854   4748975.407795
2856   4761211.502320
2858   4773469.216880
2860   4785751.482312
2862   4798055.381410
2864   4810385.494460
2866   4822738.481670
2868   4835113.511501
2870   4847514.346329
2872   4859938.464272
2874   4872385.470007
2876   4884857.435567
2878   4897352.275288
2880   4909871.665881
2882   4922414.353220
2884   4934980.337305
2886   4947570.449676
2888   4960185.521873
2890   4972824.722356
2892   4985485.979092
2894   4998171.773067
2896   5010883.358408
2898   5023617.000002
2900   5036376.010375
2902   5049158.726448
2904   5061964.330314
2906   5074796.148131
2908   5087650.840108
2910   5100531.746037
2912   5113433.863047
2914   5126362.616593
2916   5139313.821715
2918   5152291.649742
2920   5165290.702481
2922   5178317.209666
2924   5191365.759471
2926   5204440.114273
2928   5217538.583730
2930   5230660.772519
2932   5243808.752673
2934   5256980.861114
2936   5270176.688886
2938   5283397.885438
2940   5296644.041816
2942   5309914.749066
2944   5323209.584602
2946   5336529.366332
2948   5349873.712565
2950   5363242.173453
2952   5376635.607798
2954   5390054.819877
2956   5403498.173874
2958   5416966.474065
2960   5430459.325127
2962   5443976.727062
2964   5457519.920362
2966   5471087.650902
2968   5484679.932313
2970   5498298.005091
2972   5511940.615108
2974   5525609.030123
2976   5539301.150838
2978   5553018.653965
2980   5566762.357411
2982   5580531.852223
2984   5594324.234827
2986   5608142.817750
2988   5621985.951546
2990   5635854.876707
2992   5649750.015819
2994   5663669.269586
2996   5677614.750935
2998   5691584.769525
3000   5705580.156895
