 70     186.032937
 72     192.806954
 74     199.619472
 76     206.468227
 78     213.355484
 80     220.278978
 82     227.239840
 84     234.238072
 86     241.271409
 88     248.340982
 90     255.446792
 92     262.587706
 94     269.764858
 96     276.975981
 98     284.222208
100     291.503540
102     298.818844
104     306.168120
106     313.551368
108     320.968588
110     328.418648
112     335.901547
114     343.417286
116     350.965864
118     358.547282
120     366.160408
122     373.805240
124     381.481780
126     389.188894
128     396.927716
130     404.698244
132     412.498216
134     420.328762
136     428.189882
138     436.079313
140     443.999319
142     451.949899
144     459.927657
146     467.934858
148     475.971500
150     484.035321
152     492.127451
154     500.247892
156     508.395510
158     516.570305
160     524.773411
162     533.002562
164     541.257758
166     549.540131
168     557.847418
170     566.181882
172     574.541258
174     582.926680
176     591.335883
178     599.771130
180     608.230158
182     616.714099
184     625.221820
186     633.753322
188     642.308604
190     650.886534
192     659.488244
194     668.112603
196     676.759609
198     685.429264
200     694.120434
202     702.834252
204     711.569585
206     720.325302
208     729.102534
210     737.901282
212     746.720414
214     755.558796
216     764.417561
218     773.296709
220     782.196241
222     791.113891
224     800.050792
226     809.006943
228     817.982346
230     826.974734
232     835.985241
234     845.014998
236     854.061742
238     863.124339
240     872.206187
242     881.303889
244     890.418576
246     899.549118
248     908.695512
250     917.858893
252     927.035863
254     936.229818
256     945.438495
258     954.663026
260     963.901145
262     973.152853
264     982.419282
266     991.700432
268    1000.994039
270    1010.302367
272    1019.622019
274    1028.955260
276    1038.302090
278    1047.660243
280    1057.030853
282    1066.412787
284    1075.807178
286    1085.211760
288    1094.628798
290    1104.056028
292    1113.493450
294    1122.942195
296    1132.400000
298    1141.867996
300    1151.346184
302    1160.833432
304    1170.329738
306    1179.835104
308    1189.348396
310    1198.870748
312    1208.401026
314    1217.939231
316    1227.484231
318    1237.037157
320    1246.598010
322    1256.164526
324    1265.737835
326    1275.317939
328    1284.903705
330    1294.496266
332    1304.093356
334    1313.696108
336    1323.304522
338    1332.917465
340    1342.534938
342    1352.156941
344    1361.782341
346    1371.413403
348    1381.046730
350    1390.683454
352    1400.323575
354    1409.965961
356    1419.611744
358    1429.259792
360    1438.908973
362    1448.561550
364    1458.214128
366    1467.868970
368    1477.524945
370    1487.182052
372    1496.839160
374    1506.497399
376    1516.154506
378    1525.812746
380    1535.469853
382    1545.126960
384    1554.782935
386    1564.437778
388    1574.090355
390    1583.741800
392    1593.392113
394    1603.040161
396    1612.685944
398    1622.328330
400    1631.968452
402    1641.605176
404    1651.238502
406    1660.867300
408    1670.493832
410    1680.114702
412    1689.732176
414    1699.345119
416    1708.953533
418    1718.556285
420    1728.153375
422    1737.744803
424    1747.330569
426    1756.910673
428    1766.483983
430    1776.050498
432    1785.610219
434    1795.163145
436    1804.709277
438    1814.246350
440    1823.776628
442    1833.297848
444    1842.812272
446    1852.316506
448    1861.812812
450    1871.298927
452    1880.777115
454    1890.243979
456    1899.702916
458    1909.150529
460    1918.587951
462    1928.014048
464    1937.431087
466    1946.835669
468    1956.228927
470    1965.610861
472    1974.980338
474    1984.338492
476    1993.684189
478    2003.017430
480    2012.337082
482    2021.644278
484    2030.937884
486    2040.217902
488    2049.483199
490    2058.736040
492    2067.973026
494    2077.196424
496    2086.405101
498    2095.597924
500    2104.774894
502    2118.745313
504    2128.537176
506    2138.338098
508    2148.148079
510    2157.967119
512    2167.795219
514    2177.632378
516    2187.479728
518    2197.336138
520    2207.200474
522    2217.075002
524    2226.958589
526    2236.851236
528    2246.752941
530    2256.663706
532    2266.584662
534    2276.514678
536    2286.452620
538    2296.401887
540    2306.359080
542    2316.325332
544    2326.301776
546    2336.287280
548    2346.281842
550    2356.286596
552    2366.300409
554    2376.323282
556    2386.355213
558    2396.397336
560    2406.448519
562    2416.508760
564    2426.579194
566    2436.658686
568    2446.747238
570    2456.844848
572    2466.952651
574    2477.070645
576    2487.196566
578    2497.333810
580    2507.478982
582    2517.634345
584    2527.798768
586    2537.973382
588    2548.157055
590    2558.350920
592    2568.553844
594    2578.765827
596    2588.989134
598    2599.220368
600    2609.461794
602    2619.713411
604    2629.974087
606    2640.243823
608    2650.523750
610    2660.813869
612    2671.113047
614    2681.422416
616    2691.740845
618    2702.069466
620    2712.407145
622    2722.755016
624    2733.113079
626    2743.480201
628    2753.857515
630    2764.243888
632    2774.640452
634    2785.047208
636    2795.464156
638    2805.890162
640    2816.326361
642    2826.771618
644    2837.227068
646    2847.692708
648    2858.168541
650    2868.653432
652    2879.148516
654    2889.653790
656    2900.169257
658    2910.693782
660    2921.228500
662    2931.773408
664    2942.328509
666    2952.892668
668    2963.467020
670    2974.051562
672    2984.646297
674    2995.251223
676    3005.866340
678    3016.490517
680    3027.126018
682    3037.770578
684    3048.425330
686    3059.090273
688    3069.765408
690    3080.449602
692    3091.145120
694    3101.850829
696    3112.565598
698    3123.291691
700    3134.026843
702    3144.773319
704    3155.528854
706    3166.295713
708    3177.071632
710    3187.857742
712    3198.655176
714    3209.461669
716    3220.279486
718    3231.106362
720    3241.944563
722    3252.792955
724    3263.650406
726    3274.519181
728    3285.398148
730    3296.287306
732    3307.186656
734    3318.096198
736    3329.017064
738    3339.948121
740    3350.888237
742    3361.837413
744    3372.800177
746    3383.773133
748    3394.756281
750    3405.746223
752    3416.749754
754    3427.765741
756    3438.788522
758    3449.821496
760    3460.868058
762    3471.924811
764    3482.990624
766    3494.066628
768    3505.153957
770    3516.250344
772    3527.359188
774    3538.475959
776    3549.605186
778    3560.744605
780    3571.895348
782    3583.057415
784    3594.227408
786    3605.410991
788    3616.603632
790    3627.806466
792    3639.019490
794    3650.242707
796    3661.478380
798    3672.725376
800    3683.981432
802    3695.247680
804    3706.524119
806    3717.814147
808    3729.113234
810    3740.423646
812    3751.743116
814    3763.076175
816    3774.418294
818    3785.771736
820    3797.135370
822    3808.508063
824    3819.894345
826    3831.290819
828    3842.696352
830    3854.116606
832    3865.542522
834    3876.982026
836    3888.435120
838    3899.895008
840    3911.368485
842    3922.851021
844    3934.343748
846    3945.850065
848    3957.363176
850    3968.893272
852    3980.429031
854    3991.979511
856    4003.539050
858    4015.108781
860    4026.687571
862    4038.281082
864    4049.887050
866    4061.500944
868    4073.126163
870    4084.762705
872    4096.409439
874    4108.068630
876    4119.739144
878    4131.422115
880    4143.111880
882    4154.814102
884    4166.531044
886    4178.253649
888    4189.989843
890    4201.739625
892    4213.499599
894    4225.268632
896    4237.048990
898    4248.841803
900    4260.644808
902    4272.461402
904    4284.287056
906    4296.124033
908    4307.973466
910    4319.833092
912    4331.702908
914    4343.585182
916    4355.478779
918    4367.384832
920    4379.301078
922    4391.227514
924    4403.167540
926    4415.116625
928    4427.079298
930    4439.052164
932    4451.035220
934    4463.031866
936    4475.038703
938    4487.057997
940    4499.087482
942    4511.127159
944    4523.180424
946    4535.242749
948    4547.319795
950    4559.409298
952    4571.505594
954    4583.615480
956    4595.737822
958    4607.871488
960    4620.014213
962    4632.170527
964    4644.340430
966    4656.519392
968    4668.709678
970    4680.912420
972    4693.125354
974    4705.351877
976    4717.587459
978    4729.837762
980    4742.097125
982    4754.370076
984    4766.653219
986    4778.948818
988    4791.255741
990    4803.575121
992    4815.904692
994    4828.247852
996    4840.601204
998    4852.967012
1000    4865.343011
1002    4877.732600
1004    4890.132380
1006    4902.545748
1008    4914.968176
1010    4927.405326
1012    4939.854931
1014    4952.313596
1016    4964.783585
1018    4977.267162
1020    4989.763196
1022    5002.269422
1024    5014.789236
1026    5027.318110
1028    5039.861705
1030    5052.417756
1032    5064.983999
1034    5077.560433
1036    5090.153854
1038    5102.752936
1040    5115.369004
1042    5127.995264
1044    5140.631716
1046    5153.281756
1048    5165.944253
1050    5178.616942
1052    5191.303219
1054    5204.003085
1056    5216.713142
1058    5229.432259
1060    5242.169494
1062    5254.915789
1064    5267.671142
1066    5280.444614
1068    5293.223748
1070    5306.019868
1072    5318.826180
1074    5331.646080
1076    5344.476172
1078    5357.318721
1080    5370.174858
1082    5383.041187
1084    5395.921104
1086    5408.813478
1088    5421.717176
1090    5434.633331
1092    5447.563074
1094    5460.503009
1096    5473.455400
1098    5486.417983
1100    5499.397552
1102    5512.387312
1104    5525.387264
1106    5538.403070
1108    5551.430199
1110    5564.469785
1112    5577.519563
1114    5590.581797
1116    5603.658752
1118    5616.748164
1120    5629.847767
1122    5642.960959
1124    5656.083210
1126    5669.223580
1128    5682.373008
1130    5695.536026
1132    5708.711500
1134    5721.898298
1136    5735.097552
1138    5748.310396
1140    5761.533430
1142    5774.773451
1144    5788.022531
1146    5801.282935
1148    5814.559193
1150    5827.844510
1152    5841.144548
1154    5854.457042
1156    5867.784258
1158    5881.120532
1160    5894.469264
1162    5907.832716
1164    5921.208625
1166    5934.594725
1168    5947.997812
1170    5961.411090
1172    5974.834559
1174    5988.273882
1176    6001.723397
1178    6015.189898
1180    6028.665458
1182    6042.155739
1184    6055.655080
1186    6069.171406
1188    6082.697924
1190    6096.236898
1192    6109.790594
1194    6123.356746
1196    6136.936487
1198    6150.525287
1200    6164.128808
1202    6177.744786
1204    6191.374352
1206    6205.017507
1208    6218.673119
1210    6232.340054
1212    6246.022844
1214    6259.715824
1216    6273.422394
1218    6287.141420
1220    6300.874035
1222    6314.616841
1224    6328.376634
1226    6342.146618
1228    6355.932455
1230    6369.729617
1232    6383.539235
1234    6397.361309
1236    6411.198105
1238    6425.047357
1240    6438.906800
1242    6452.783230
1244    6466.669851
1246    6480.572326
1248    6494.484992
1250    6508.411248
1252    6522.354489
1254    6536.307922
1256    6550.273811
1258    6564.253289
1260    6578.242958
1262    6592.249614
1264    6606.268726
1266    6620.301427
1268    6634.344319
1270    6648.404198
1272    6662.474268
1274    6676.560191
1276    6690.656306
1278    6704.769408
1280    6718.891568
1282    6733.028450
1284    6747.181185
1286    6761.344112
1288    6775.520627
1290    6789.709599
1292    6803.916690
1294    6818.132839
1296    6832.362578
1298    6846.604772
1300    6860.861688
1302    6875.131061
1304    6889.417419
1306    6903.712837
1308    6918.022976
1310    6932.345571
1312    6946.681755
1314    6961.034925
1316    6975.398286
1318    6989.774104
1320    7004.163511
1322    7018.569904
1324    7032.986488
1326    7047.418926
1328    7061.861556
1330    7076.321172
1332    7090.790979
1334    7105.277772
1336    7119.773624
1338    7134.286463
1340    7148.812890
1342    7163.352906
1344    7177.901981
1346    7192.468042
1348    7207.047692
1350    7221.644328
1352    7236.250024
1354    7250.869308
1356    7265.502180
1358    7280.152039
1360    7294.812090
1362    7309.487994
1364    7324.177486
1366    7338.877171
1368    7353.593841
1370    7368.322968
1372    7383.065684
1374    7397.825385
1376    7412.595278
1378    7427.381025
1380    7442.176964
1382    7456.989888
1384    7471.816401
1386    7486.656503
1388    7501.509062
1390    7516.375209
1392    7531.258342
1394    7546.150534
1396    7561.060845
1398    7575.983612
1400    7590.919968
1402    7605.868781
1404    7620.832314
1406    7635.811702
1408    7650.801280
1410    7665.807845
1412    7680.826866
1414    7695.859476
1416    7710.909072
1418    7725.968860
1420    7741.045634
1422    7756.134864
1424    7771.237682
1426    7786.354090
1428    7801.486351
1430    7816.629936
1432    7831.789375
1434    7846.962403
1436    7862.151284
1438    7877.351489
1440    7892.567548
1442    7907.797196
1444    7923.040432
1446    7938.299522
1448    7953.568804
1450    7968.855071
1452    7984.154928
1454    7999.470638
1456    8014.797672
1458    8030.140559
1460    8045.495903
1462    8060.869366
1464    8076.251887
1466    8091.651395
1468    8107.064491
1470    8122.494574
1472    8137.937112
1474    8153.393240
1476    8168.862956
1478    8184.345129
1480    8199.845420
1482    8215.358168
1484    8230.884504
1486    8246.426694
1488    8261.983606
1490    8277.552973
1492    8293.139327
1494    8308.738137
1496    8324.351668
1498    8339.977656
1500    8355.620629
1502    8418.391826
1504    8434.235234
1506    8450.097894
1508    8465.970744
1510    8481.860581
1512    8497.762874
1514    8513.678756
1516    8529.611624
1518    8545.558081
1520    8561.518127
1522    8577.494026
1524    8593.483514
1526    8609.486591
1528    8625.505521
1530    8641.535776
1532    8657.585281
1534    8673.644978
1536    8689.720528
1538    8705.810800
1540    8721.916925
1542    8738.035506
1544    8754.168809
1546    8770.314568
1548    8786.478446
1550    8802.653648
1552    8818.846968
1554    8835.052744
1556    8851.272109
1558    8867.505063
1560    8883.755003
1562    8900.017400
1564    8916.294517
1566    8932.587488
1568    8948.892916
1570    8965.213065
1572    8981.549067
1574    8997.898658
1576    9014.260706
1578    9030.640872
1580    9047.033494
1582    9063.439706
1584    9079.862903
1586    9096.298556
1588    9112.747799
1590    9129.214027
1592    9145.693844
1594    9162.187250
1596    9178.696510
1598    9195.219358
1600    9211.755796
1602    9228.308086
1604    9244.873966
1606    9261.453434
1608    9278.046492
1610    9294.656535
1612    9311.282432
1614    9327.918520
1616    9344.571594
1618    9361.237125
1630    9461.545117
1632    9478.310299
1634    9495.093600
1636    9511.889356
1638    9528.703232
1640    9545.528431
1642    9562.368351
1644    9579.224125
1646    9596.094620
1648    9612.976440
1650    9629.872980
1652    9646.785374
1654    9663.715886
1656    9680.655458
1658    9697.610883
1660    9714.581030
1662    9731.567030
1664    9748.566618
1666    9765.578664
1668    9782.608827
1670    9799.651447
1672    9816.707656
1674    9833.780851
1676    9850.863105
1678    9867.965742
1680    9885.078571
1682    9902.208386
1684    9919.354054
1686    9936.511046
1688    9953.683892
1690    9970.872592
1692    9988.072616
1694   10005.288493
1696   10022.521356
1698   10039.764411
1700   10057.023319
1702   10074.300346
1704   10091.589829
1706   10108.891769
1708   10126.208430
1710   10143.540944
1712   10160.887047
1714   10178.246739
1716   10195.623417
1718   10213.012552
1720   10230.418672
1722   10247.834984
1724   10265.270547
1726   10282.717434
1728   10300.180174
1730   10317.656503
1732   10335.148686
1734   10352.655590
1736   10370.174950
1738   10387.707900
1740   10405.256702
1742   10422.822491
1744   10440.399604
1746   10457.992570
1748   10475.597993
1750   10493.221534
1752   10510.857532
1754   10528.509383
1756   10546.172558
1758   10563.852720
1760   10581.548734
1762   10599.254941
1764   10616.980398
1766   10634.717179
1768   10652.469814
1770   10670.236038
1772   10688.014718
1774   10705.811516
1776   10723.624168
1778   10741.447012
1780   10759.286841
1782   10777.139127
1784   10795.008399
1786   10812.891260
1788   10830.787710
1790   10848.700013
1792   10866.627037
1794   10884.566518
1796   10902.521852
1798   10920.491908
1800   10938.477817
1802   10956.473918
1804   10974.490402
1806   10992.515945
1808   11010.559607
1810   11028.615725
1812   11046.687696
1814   11064.774389
1816   11082.873538
1818   11100.989674
1820   11119.119398
1822   11137.261578
1824   11155.421877
1826   11173.594632
1828   11191.779844
1830   11209.983174
1832   11228.198960
1834   11246.431732
1836   11264.678094
1838   11282.938044
1840   11301.210450
1842   11319.499842
1844   11337.803956
1846   11356.126188
1848   11374.459744
1850   11392.804624
1852   11411.160828
1854   11429.539680
1856   11447.929856
1858   11466.342680
1860   11484.755504
1862   11503.190976
1864   11521.649096
1866   11540.107216
1868   11558.587984
1870   11577.080076
1872   11595.583492
1874   11614.109556
1876   11632.646944
1878   11651.195656
1880   11669.755692
1882   11688.338376
1884   11706.932384
1886   11725.549040
1888   11744.165696
1890   11762.805000
1892   11781.455628
1894   11800.128904
1896   11818.813504
1898   11837.509428
1900   11856.216676
1902   11874.946572
1904   11893.687792
1906   11912.440336
1908   11931.204204
1910   11949.990720
1912   11968.788560
1914   11987.609048
1916   12006.429536
1918   12025.272672
1920   12044.127132
1922   12063.004240
1924   12081.892672
1926   12100.792428
1928   12119.703508
1930   12138.637236
1932   12157.570964
1934   12176.538664
1936   12195.506364
1938   12214.496712
1940   12233.498384
1942   12252.511380
1944   12271.547024
1946   12290.593992
1948   12309.652284
1950   12328.733224
1952   12347.814164
1954   12366.917752
1956   12386.043988
1958   12405.170224
1960   12424.319108
1962   12443.490640
1964   12462.662172
1966   12481.856352
1968   12501.061856
1970   12520.290008
1972   12539.518160
1974   12558.768960
1976   12578.031084
1978   12597.315856
1980   12616.611952
1982   12635.919372
1984   12655.238116
1986   12674.579508
1988   12693.932224
1990   12713.296264
1992   12732.682952
1994   12752.080964
1996   12771.490300
1998   12790.910960
2000   12810.354268
2002   12829.808900
2004   12849.274856
2006   12868.763460
2008   12888.263388
2010   12907.774640
2012   12927.297216
2014   12946.842440
2016   12966.398988
2018   12985.966860
2020   13005.557380
2022   13025.159224
2024   13044.772392
2026   13064.408208
2028   13084.044024
2030   13103.702488
2032   13123.383600
2034   13143.064712
2036   13162.768472
2038   13182.494880
2040   13202.221288
2042   13221.970344
2044   13241.730724
2046   13261.513752
2048   13281.296780
2050   13301.102456
2052   13320.919456
2054   13340.759104
2056   13360.610076
2058   13380.472372
2060   13400.357316
2062   13420.242260
2064   13440.149852
2066   13460.068768
2068   13480.010332
2070   13499.963220
2072   13519.927432
2074   13539.914292
2076   13559.901152
2078   13579.921984
2080   13599.942816
2082   13619.974972
2084   13640.029776
2086   13660.107228
2088   13680.184680
2090   13700.284780
2092   13720.396204
2094   13740.530276
2096   13760.664348
2098   13780.821068
2100   13800.989112
2102   13821.179804
2104   13841.381820
2106   13861.595160
2108   13881.819824
2110   13902.067136
2112   13922.325772
2114   13942.607056
2116   13962.888340
2118   13983.192272
2120   14003.507528
2122   14023.845432
2124   14044.194660
2126   14064.555212
2128   14084.927088
2130   14105.321612
2132   14125.727460
2134   14146.144632
2136   14166.584452
2138   14187.035596
2140   14207.498064
2142   14227.971856
2144   14248.468296
2146   14268.976060
2148   14289.495148
2150   14310.036884
2152   14330.589944
2154   14351.154328
2156   14371.741360
2158   14392.339716
2160   14412.949396
2162   14433.570400
2164   14454.214052
2166   14474.869028
2168   14495.535328
2170   14516.224276
2172   14536.913224
2174   14557.636144
2176   14578.359064
2178   14599.104632
2180   14619.861524
2182   14640.641064
2184   14661.420604
2186   14682.222792
2188   14703.036304
2190   14723.872464
2192   14744.719948
2194   14765.578756
2196   14786.448888
2198   14807.341668
2200   14828.245772
2202   14849.161200
2204   14870.099276
2206   14891.048676
2208   14912.009400
2210   14932.992772
2212   14953.987468
2214   14974.993488
2216   14996.010832
2218   15017.050824
2220   15038.102140
2222   15059.164780
2224   15080.250068
2226   15101.346680
2228   15122.454616
2230   15143.573876
2232   15164.715784
2234   15185.869016
2236   15207.044896
2238   15228.220776
2240   15249.419304
2242   15270.640480
2244   15291.861656
2246   15313.105480
2248   15334.360628
2250   15355.638424
2252   15376.927544
2254   15398.227988
2256   15419.539756
2258   15440.874172
2260   15462.219912
2262   15483.576976
2264   15504.956688
2266   15526.347724
2268   15547.750084
2270   15569.163768
2272   15590.600100
2274   15612.047756
2276   15633.518060
2278   15654.988364
2280   15676.481316
2282   15697.985592
2284   15719.512516
2286   15741.050764
2288   15762.600336
2290   15784.161232
2292   15805.744776
2294   15827.339644
2296   15848.957160
2298   15870.574676
2300   15892.214840
2302   15913.877652
2304   15935.540464
2306   15957.225924
2308   15978.922708
2310   16000.642140
2312   16022.372896
2314   16044.114976
2316   16065.868380
2318   16087.644432
2320   16109.431808
2322   16131.230508
2324   16153.051856
2326   16174.884528
2328   16196.728524
2330   16218.583844
2332   16240.461812
2334   16262.351104
2336   16284.263044
2338   16306.174984
2340   16328.109572
2342   16350.066808
2344   16372.024044
2346   16394.003928
2348   16415.995136
2350   16438.008992
2352   16460.034172
2354   16482.070676
2356   16504.118504
2358   16526.188980
2360   16548.270780
2362   16570.363904
2364   16592.479676
2366   16614.606772
2368   16636.745192
2370   16658.906260
2372   16681.078652
2374   16703.262368
2376   16725.457408
2378   16747.675096
2380   16769.904108
2382   16792.155768
2384   16814.407428
2386   16836.681736
2388   16858.978692
2390   16881.275648
2392   16903.595252
2394   16925.926180
2396   16948.279756
2398   16970.644656
2400   16993.020880
2402   17015.408428
2404   17037.818624
2406   17060.240144
2408   17082.672988
2410   17105.128480
2412   17127.595296
2414   17150.073436
2416   17172.574224
2418   17195.075012
2420   17217.609772
2422   17240.144532
2424   17262.701940
2426   17285.270672
2428   17307.862052
2430   17330.453432
2432   17353.067460
2434   17375.692812
2436   17398.340812
2438   17421.000136
2440   17443.670784
2442   17466.364080
2444   17489.068700
2446   17511.784644
2448   17534.511912
2450   17557.261828
2452   17580.023068
2454   17602.806956
2456   17625.590844
2458   17648.397380
2460   17671.215240
2462   17694.055748
2464   17716.907580
2466   17739.770736
2468   17762.656540
2470   17785.542344
2472   17808.462120
2474   17831.381896
2476   17854.324320
2478   17877.278068
2480   17900.243140
2482   17923.230860
2484   17946.229904
2486   17969.240272
2488   17992.273288
2490   18015.317628
2492   18038.373292
2494   18061.440280
2496   18084.529916
2498   18107.630876
2500   18130.754484
2502   18153.889416
2504   18177.036804
2506   18200.192120
2508   18223.372348
2510   18246.565032
2512   18269.769040
2514   18292.994564
2516   18316.218956
2518   18339.478452
2520   18362.739080
2522   18386.020092
2524   18409.314692
2526   18432.630808
2528   18455.945792
2530   18479.297012
2532   18502.644836
2534   18526.019836
2536   18549.402764
2538   18572.798148
2540   18596.215048
2542   18619.645536
2544   18643.087348
2546   18666.539352
2548   18690.012872
2550   18713.498848
2552   18737.007472
2554   18760.528552
2556   18784.058692
2558   18807.601288
2560   18831.167664
2562   18854.741968
2564   18878.330992
2566   18901.942664
2568   18925.563396
2570   18949.196584
2572   18972.853552
2574   18996.519580
2576   19020.198064
2578   19043.887872
2580   19067.601460
2582   19091.335432
2584   19115.070536
2586   19138.827156
2588   19162.597364
2590   19186.377764
2592   19210.180812
2594   19233.996316
2596   19257.822012
2598   19281.669224
2600   19305.528892
2602   19329.399884
2604   19353.292392
2606   19377.198488
2608   19401.114776
2610   19425.042388
2612   19448.992648
2614   19472.954232
2616   19496.938464
2618   19520.934020
2620   19544.940900
2622   19568.959104
2624   19593.001088
2626   19617.051000
2628   19641.116764
2630   19665.201780
2632   19689.299252
2634   19713.408048
2636   19737.540624
2638   19761.683392
2640   19785.837484
2642   19810.001768
2644   19834.190964
2646   19858.400544
2648   19882.611256
2650   19906.844616
2652   19931.089300
2654   19955.344176
2656   19979.623964
2658   20003.913944
2660   20028.215248
2662   20052.539200
2664   20076.874476
2666   20101.221076
2668   20125.591456
2670   20149.972028
2672   20174.362792
2674   20198.776204
2676   20223.202072
2678   20247.639264
2680   20272.088912
2682   20296.561208
2684   20321.042564
2686   20345.546568
2688   20370.052836
2690   20394.580620
2692   20419.132184
2694   20443.691676
2696   20468.267020
2698   20492.850292
2700   20517.458476
2702   20542.076852
2704   20566.705420
2706   20591.358900
2708   20616.022572
2710   20640.696436
2712   20665.381624
2714   20690.090592
2716   20714.810884
2718   20739.554956
2720   20764.309220
2722   20789.073676
2724   20813.852852
2726   20838.652412
2728   20863.462164
2730   20888.294564
2732   20913.129228
2734   20937.985408
2736   20962.864236
2738   20987.741932
2740   21012.656996
2742   21037.568664
2744   21062.504112
2746   21087.450884
2748   21112.408980
2750   21137.378400
2752   21162.370468
2754   21187.373860
2756   21212.399900
2758   21237.437264
2760   21262.485952
2762   21287.557288
2764   21312.629756
2766   21337.722608
2768   21362.840372
2770   21387.966064
2772   21413.107608
2774   21438.257080
2776   21463.430332
2778   21488.614908
2780   21513.811940
2782   21539.030488
2784   21564.260360
2786   21589.500424
2788   21614.764268
2790   21640.039436
2792   21665.324796
2794   21690.635068
2796   21715.954400
2798   21741.288452
2800   21766.640624
2802   21791.996192
2804   21817.384600
2806   21842.771876
2808   21868.182932
2810   21893.607576
2812   21919.050340
2814   21944.506692
2816   21969.963044
2818   21995.454500
2820   22020.956148
2822   22046.469120
2824   22071.994548
2826   22097.541492
2828   22123.098628
2830   22148.678412
2832   22174.260460
2834   22199.862892
2836   22225.490236
2838   22251.117580
2840   22276.766440
2842   22302.425492
2844   22328.108324
2846   22353.802480
2848   22379.506828
2850   22405.236088
2852   22430.975540
2854   22456.727448
2856   22482.498608
2858   22508.273164
2860   22534.081692
2862   22559.887956
2864   22585.718000
2866   22611.558236
2868   22637.412060
2870   22663.287400
2872   22689.174064
2874   22715.083376
2876   22741.004012
2878   22766.935972
2880   22792.878124
2882   22818.844056
2884   22844.821312
2886   22870.811024
2888   22896.822252
2890   22922.844804
2892   22948.877548
2894   22974.935204
2896   23001.001920
2898   23027.093548
2900   23053.182912
2902   23079.298320
2904   23105.421656
2906   23131.569904
2908   23157.727212
2910   23183.896976
2912   23210.089388
2914   23236.293124
2916   23262.508184
2918   23288.745892
2920   23314.984732
2922   23341.255280
2924   23367.528092
2926   23393.822420
2928   23420.126940
2930   23446.454108
2932   23472.783540
2934   23499.146944
2936   23525.508084
2938   23551.893004
2940   23578.289248
2942   23604.709272
2944   23631.125900
2946   23657.567440
2948   23684.032760
2950   23710.508272
2952   23736.995108
2954   23763.492136
2956   23790.014076
2958   23816.545076
2960   23843.090796
2962   23869.654636
2964   23896.232064
2966   23922.833272
2968   23949.432216
2970   23976.054940
2972   24002.701444
2974   24029.345684
2976   24056.013704
2978   24082.705504
2980   24109.395040
2982   24136.108356
2984   24162.845452
2986   24189.581416
2988   24216.340028
2990   24243.122420
2992   24269.902548
2994   24296.706456
2996   24323.521688
2998   24350.360700
3000   24377.209904
