 70      51.905617
 72      53.371514
 74      54.837195
 76      56.302445
 78      57.767696
 80      59.232514
 82      60.697117
 84      62.161289
 86      63.625245
 88      65.089201
 90      66.552725
 92      68.016034
 94      69.479127
 96      70.942004
 98      72.404450
100      73.866896
102      75.329127
104      76.791141
106      78.252940
108      79.714523
110      81.176107
112      82.637258
114      84.098410
116      85.559346
118      87.020067
120      88.480787
122      89.941292
124      91.401581
126      92.861870
128      94.321943
130      95.781801
132      97.241658
134      98.701516
136     100.161158
138     101.620800
140     103.080226
142     104.539652
144     105.998863
146     107.458289
148     108.917499
150     110.376710
152     111.835705
154     113.294699
156     114.753694
158     116.212689
160     117.671684
162     119.130679
164     120.589673
166     122.048452
168     123.507447
170     124.966442
172     126.425437
174     127.884432
176     129.343426
178     130.802421
180     132.261416
182     133.720627
184     135.179621
186     136.639048
188     138.098258
190     139.557684
192     141.017111
194     142.476752
196     143.936394
198     145.396036
200     146.855894
202     148.315751
204     149.775825
206     151.235898
208     152.696187
210     154.156692
212     155.617196
214     157.077917
216     158.538853
218     160.000005
220     161.460941
222     162.922524
224     164.384107
226     165.845690
228     167.307705
230     168.769720
232     170.232166
234     171.694612
236     173.157489
238     174.620366
240     176.083675
242     177.546984
244     179.010724
246     180.474680
248     181.938852
250     183.403239
252     184.868058
254     186.333092
256     187.798342
258     189.263808
260     190.729705
262     192.195818
264     193.662362
266     195.129122
268     196.596098
270     198.063505
272     199.531344
274     200.999398
276     202.467883
278     203.936585
280     205.405717
282     206.875066
284     208.345061
286     209.815273
288     211.285915
290     212.756773
292     214.228279
294     215.700000
296     217.171505
298     218.644736
300     220.117752
302     221.591414
304     223.065292
306     224.539602
308     226.014343
310     227.489515
312     228.965119
314     230.441369
316     231.917836
318     233.394949
320     234.872495
322     236.350471
324     237.829094
326     239.308149
328     240.787636
330     242.267769
332     243.748334
334     245.229546
336     246.711189
338     248.193264
340     249.675985
342     251.159354
344     252.643155
346     254.127602
348     255.612481
350     257.098007
352     258.584180
354     260.071000
356     261.558251
358     263.046150
360     264.534696
362     266.023673
364     267.513513
366     269.004000
368     270.495134
370     271.986699
372     273.478912
374     274.971987
376     276.465494
378     277.959864
380     279.454880
382     280.950329
384     282.446855
386     283.943813
388     285.441418
390     286.939886
392     288.439001
394     289.938763
396     291.439388
398     292.940660
400     294.442579
402     295.945361
404     297.449006
406     298.953298
408     300.458236
410     301.964038
412     303.470703
414     304.978014
416     306.485973
418     307.995010
420     309.504694
422     311.015242
424     312.526436
426     314.038708
428     315.551628
430     317.065411
432     318.580056
434     320.095565
436     321.611935
438     323.129169
440     324.647050
442     326.166010
444     327.685832
446     329.206517
448     330.728065
450     332.250475
452     333.773749
454     335.297885
456     336.823100
458     338.349177
460     339.876333
462     341.404136
464     342.933018
466     344.462762
468     345.993585
470     347.525271
472     349.058035
474     350.591662
476     352.126152
478     353.661936
480     355.198367
482     356.736092
484     358.274680
486     359.814131
488     361.354660
490     362.896484
492     364.439170
494     365.982720
496     367.527347
498     369.073269
500     370.620054
502     372.153465
504     373.701760
506     375.251996
508     376.804173
510     378.358291
512     379.914136
514     381.471921
516     383.031432
518     384.593100
520     386.156494
522     387.721613
524     389.288889
526     390.857891
528     392.428834
530     394.001718
532     395.576544
534     397.153311
536     398.731804
538     400.312238
540     401.894613
542     403.478929
544     405.065187
546     406.653170
548     408.243311
550     409.835177
552     411.429200
554     413.024948
556     414.622638
558     416.222269
560     417.823842
562     419.427356
564     421.032811
566     422.640207
568     424.249545
570     425.860824
572     427.474044
574     429.089206
576     430.706093
578     432.325353
580     433.946338
582     435.569265
584     437.194133
586     438.820943
588     440.449909
590     442.080601
592     443.713450
594     445.348025
596     446.984756
598     448.623429
600     450.264043
602     451.906599
604     453.551311
606     455.197750
608     456.846345
610     458.496881
612     460.149359
614     461.803993
616     463.460570
618     465.118871
620     466.779545
622     468.441945
624     470.106502
626     471.773000
628     473.441440
630     475.112036
632     476.784358
634     478.458838
636     480.135474
638     481.814051
640     483.494570
642     485.177246
644     486.861862
646     488.548421
648     490.237136
650     491.927793
652     493.620606
654     495.315361
656     497.012057
658     498.710911
660     500.411705
662     502.114657
664     503.819549
666     505.526599
668     507.235590
670     508.946738
672     510.660043
674     512.375290
676     514.092478
678     515.811822
680     517.533108
682     519.256551
684     520.982151
686     522.709693
688     524.439391
690     526.171031
692     527.904827
694     529.640781
696     531.378676
698     533.118727
700     534.860936
702     536.605087
704     538.351394
706     540.099858
708     541.850263
710     543.602826
712     545.357546
714     547.114422
716     548.873240
718     550.634215
720     552.397346
722     554.162420
724     555.929865
726     557.699252
728     559.470581
730     561.244282
732     563.020140
734     564.797939
736     566.577896
738     568.360225
740     570.144495
742     571.930923
744     573.719291
746     575.510033
748     577.302715
750     579.097771
752     580.894768
754     582.694137
756     584.495448
758     586.298915
760     588.104540
762     589.912322
764     591.722260
766     593.534572
768     595.348825
770     597.165234
772     598.983801
774     600.804525
776     602.627621
778     604.452659
780     606.280069
782     608.109421
784     609.940930
786     611.774811
788     613.610849
790     615.449045
792     617.289397
794     619.131907
796     620.976789
798     622.823612
800     624.672592
802     626.523946
804     628.377456
806     630.233338
808     632.091163
810     633.951359
812     635.813713
814     637.678224
816     639.544892
818     641.413932
820     643.285130
822     645.158484
824     647.034211
826     648.911880
828     650.792137
830     652.674335
832     654.558906
834     656.445634
836     658.334519
838     660.225776
840     662.119191
842     664.014978
844     665.912923
846     667.813240
848     669.715714
850     671.620345
852     673.527133
854     675.436509
856     677.347827
858     679.261517
860     681.177580
862     683.095585
864     685.016177
866     686.938927
868     688.864050
870     690.791329
872     692.720766
874     694.652791
876     696.586973
878     698.523311
880     700.461807
882     702.402892
884     704.346133
886     706.291747
888     708.239518
890     710.189662
892     712.141962
894     714.096851
896     716.053682
898     718.013101
900     719.974676
902     721.938625
904     723.904946
906     725.873424
908     727.844275
910     729.817499
912     731.793095
914     733.770848
916     735.750974
918     737.733473
920     739.718129
922     741.705373
924     743.694774
926     745.686548
928     747.680694
930     749.676998
932     751.675890
934     753.676939
936     755.680576
938     757.686370
940     759.694537
942     761.705077
944     763.717774
946     765.733059
948     767.750716
950     769.770531
952     771.792934
954     773.817495
956     775.844643
958     777.873949
960     779.905843
962     781.939894
964     783.976318
966     786.015330
968     788.056499
970     790.100256
972     792.146171
974     794.194674
976     796.245549
978     798.298798
980     800.354203
982     802.412412
984     804.472563
986     806.535518
988     808.600630
990     810.668114
992     812.738187
994     814.810633
996     816.885451
998     818.962642
1000     821.042206
1002     823.124358
1004     825.208667
1006     827.295564
1008     829.385050
1010     831.476693
1012     833.570709
1014     835.667528
1016     837.766505
1018     839.867855
1020     841.971792
1022     844.078103
1024     846.186786
1026     848.298058
1028     850.411918
1030     852.527935
1032     854.646324
1034     856.767518
1036     858.890869
1038     861.016808
1040     863.145120
1042     865.276020
1044     867.409293
1046     869.545155
1048     871.683389
1050     873.823996
1052     875.967191
1054     878.112759
1056     880.260915
1058     882.411444
1060     884.564561
1062     886.720267
1064     888.878346
1066     891.038797
1068     893.201837
1070     895.367249
1072     897.535249
1074     899.705839
1076     901.878800
1078     904.054351
1080     906.232274
1082     908.412785
1084     910.595885
1086     912.781357
1088     914.969418
1090     917.159851
1092     919.353089
1094     921.548483
1096     923.746682
1098     925.947253
1100     928.150413
1102     930.356161
1104     932.564282
1106     934.774992
1108     936.988289
1110     939.203960
1112     941.422434
1114     943.643281
1116     945.866717
1118     948.092525
1120     950.321138
1122     952.552123
1124     954.785696
1126     957.021858
1128     959.260609
1130     961.501947
1132     963.745874
1134     965.992174
1136     968.241062
1138     970.492539
1140     972.746820
1142     975.003257
1144     977.262499
1146     979.524545
1148     981.788748
1150     984.055755
1152     986.325350
1154     988.597534
1156     990.872091
1158     993.149451
1160     995.429400
1162     997.711722
1164     999.996848
1166    1002.284562
1168    1004.574865
1170    1006.868187
1172    1009.163451
1174    1011.461734
1176    1013.761959
1178    1016.065419
1180    1018.370821
1182    1020.680105
1184    1022.990468
1186    1025.304929
1188    1027.621331
1190    1029.939675
1192    1032.261254
1194    1034.585637
1196    1036.913256
1198    1039.242600
1200    1041.574101
1202    1043.909701
1204    1046.246379
1206    1048.586940
1208    1050.929442
1210    1053.274963
1212    1055.622642
1214    1057.973341
1216    1060.327059
1218    1062.682719
1220    1065.041398
1222    1067.403098
1224    1069.766738
1226    1072.133615
1228    1074.502432
1230    1076.874053
1232    1079.248910
1234    1081.626787
1236    1084.006605
1238    1086.388580
1240    1088.774438
1242    1091.162237
1244    1093.553272
1246    1095.946032
1248    1098.342027
1250    1100.741043
1252    1103.141999
1254    1105.547054
1256    1107.952972
1258    1110.362988
1260    1112.775161
1262    1115.190139
1264    1117.607273
1266    1120.028505
1268    1122.450601
1270    1124.876578
1272    1127.304929
1274    1129.736084
1276    1132.170258
1278    1134.606374
1280    1137.046588
1282    1139.487881
1284    1141.933272
1286    1144.380604
1288    1146.830740
1290    1149.284112
1292    1151.739425
1294    1154.197758
1296    1156.659326
1298    1159.122620
1300    1161.590013
1302    1164.059562
1304    1166.530837
1306    1169.006426
1308    1171.483956
1310    1173.964506
1312    1176.447860
1314    1178.933587
1316    1181.422118
1318    1183.913669
1320    1186.408239
1322    1188.904967
1324    1191.404498
1326    1193.907265
1328    1196.412836
1330    1198.920565
1332    1201.431313
1334    1203.945080
1336    1206.461652
1338    1208.981460
1340    1211.503208
1342    1214.028193
1344    1216.555981
1346    1219.085711
1348    1221.618676
1350    1224.155523
1352    1226.694312
1354    1229.235258
1356    1231.780303
1358    1234.327288
1360    1236.877294
1362    1239.430103
1364    1241.986148
1366    1244.544134
1368    1247.105356
1370    1249.669382
1372    1252.236428
1374    1254.806493
1376    1257.378716
1378    1259.954821
1380    1262.532867
1382    1265.114149
1384    1267.697372
1386    1270.284478
1388    1272.873741
1390    1275.466024
1392    1278.061326
1394    1280.659648
1396    1283.260990
1398    1285.864274
1400    1288.471655
1402    1291.080978
1404    1293.693321
1406    1296.308899
1408    1298.927281
1410    1301.547605
1412    1304.172242
1414    1306.798606
1416    1309.428204
1418    1312.060607
1420    1314.696245
1422    1317.333825
1424    1319.975287
1426    1322.618906
1428    1325.266624
1430    1327.916283
1432    1330.568746
1434    1333.224444
1436    1335.883162
1438    1338.544037
1440    1341.208579
1442    1343.875494
1444    1346.545213
1446    1349.219030
1448    1351.894789
1450    1354.573567
1452    1357.254502
1454    1359.939320
1456    1362.627158
1458    1365.317153
1460    1368.011030
1462    1370.707064
1464    1373.405903
1466    1376.107977
1468    1378.813933
1470    1381.522047
1472    1384.232101
1474    1386.946039
1476    1389.663212
1478    1392.383404
1480    1395.105538
1482    1397.831555
1484    1400.559729
1486    1403.290922
1488    1406.026214
1490    1408.763447
1492    1411.503484
1494    1414.246756
1496    1416.993049
1498    1419.742361
1500    1422.494693
1502    1409.852516
1504    1412.546609
1506    1415.242428
1508    1417.941482
1510    1420.643340
1512    1423.347355
1514    1426.053527
1516    1428.762504
1518    1431.474500
1520    1434.188653
1522    1436.905610
1524    1439.624724
1526    1442.346858
1528    1445.070934
1530    1447.798244
1532    1450.527281
1534    1453.259553
1536    1455.993766
1538    1458.730999
1540    1461.471252
1542    1464.213446
1544    1466.958660
1546    1469.706031
1548    1472.455343
1550    1475.208538
1552    1477.963027
1554    1480.721398
1556    1483.481711
1558    1486.244181
1560    1489.009455
1562    1491.777964
1564    1494.548415
1566    1497.320807
1568    1500.097298
1570    1502.874867
1572    1505.656318
1574    1508.439927
1576    1511.225477
1578    1514.014046
1580    1516.805420
1582    1519.599166
1584    1522.395717
1586    1525.194424
1588    1527.995936
1590    1530.800683
1592    1533.607371
1594    1536.416001
1596    1539.228729
1598    1542.043614
1600    1544.860225
1602    1547.680071
1604    1550.501858
1606    1553.327528
1608    1556.154492
1610    1558.985339
1612    1561.818127
1614    1564.653072
1616    1567.490821
1618    1570.331806
1630    1587.430561
1632    1590.289664
1634    1593.150709
1636    1596.014774
1638    1598.881858
1640    1601.750884
1642    1604.623145
1644    1607.498210
1646    1610.375433
1648    1613.255459
1650    1616.137642
1652    1619.022846
1654    1621.911069
1656    1624.801449
1658    1627.694633
1660    1630.589974
1662    1633.488119
1664    1636.389500
1666    1639.292822
1668    1642.199164
1670    1645.108525
1672    1648.020044
1674    1650.934367
1676    1653.851709
1678    1656.771208
1680    1659.693728
1682    1662.618188
1684    1665.545669
1686    1668.476169
1688    1671.408610
1690    1674.344072
1692    1677.282769
1694    1680.223407
1696    1683.166849
1698    1686.113527
1700    1689.062146
1702    1692.013784
1704    1694.967365
1706    1697.924180
1708    1700.883800
1710    1703.846655
1712    1706.811236
1714    1709.779052
1716    1712.748810
1718    1715.721587
1720    1718.697384
1722    1721.675123
1724    1724.657175
1726    1727.639875
1728    1730.626888
1730    1733.615628
1732    1736.607602
1734    1739.601518
1736    1742.598454
1738    1745.598410
1740    1748.600522
1742    1751.606518
1744    1754.613376
1746    1757.624548
1748    1760.637661
1750    1763.653578
1752    1766.672731
1754    1769.693825
1756    1772.717939
1758    1775.744210
1760    1778.774364
1762    1781.806459
1764    1784.840711
1766    1787.878845
1768    1790.919137
1770    1793.962448
1772    1797.007701
1774    1800.055973
1776    1803.107265
1778    1806.161577
1780    1809.218046
1782    1812.277319
1784    1815.339612
1786    1818.404062
1788    1821.471532
1790    1824.542021
1792    1827.615315
1794    1830.690981
1796    1833.769452
1798    1836.849863
1800    1839.934373
1802    1843.021040
1804    1846.110512
1806    1849.202140
1808    1852.296787
1810    1855.394239
1812    1858.494927
1814    1861.597556
1816    1864.704283
1818    1867.812951
1820    1870.923777
1822    1874.037406
1824    1877.155134
1826    1880.273940
1828    1883.396629
1830    1886.521475
1832    1889.649341
1834    1892.780226
1836    1895.913053
1838    1899.049978
1840    1902.188845
1842    1905.329652
1844    1908.474558
1846    1911.621621
1848    1914.771488
1850    1917.924591
1852    1921.079635
1854    1924.237483
1856    1927.398566
1858    1930.562670
1860    1933.728714
1862    1936.898857
1864    1940.070941
1866    1943.245183
1868    1946.423306
1870    1949.603371
1872    1952.786672
1874    1955.972777
1876    1959.162117
1878    1962.353183
1880    1965.547484
1882    1968.744805
1884    1971.944068
1886    1975.147428
1888    1978.352730
1890    1981.561052
1892    1984.772609
1894    1987.985892
1896    1991.203274
1898    1994.422812
1900    1997.645154
1902    2000.869653
1904    2004.098251
1906    2007.328574
1908    2010.562133
1910    2013.798711
1912    2017.037231
1914    2020.279849
1916    2023.524409
1918    2026.771988
1920    2030.022802
1922    2033.275343
1924    2036.531981
1926    2039.790777
1928    2043.052377
1930    2046.316133
1932    2049.583988
1934    2052.853785
1936    2056.127464
1938    2059.403299
1940    2062.681077
1942    2065.962952
1944    2069.246769
1946    2072.534684
1948    2075.824541
1950    2079.117417
1952    2082.412450
1954    2085.711366
1956    2089.012438
1958    2092.316315
1960    2095.623428
1962    2098.933344
1964    2102.246496
1966    2105.561590
1968    2108.879703
1970    2112.200836
1972    2115.524773
1974    2118.851945
1976    2122.182137
1978    2125.514271
1980    2128.849640
1982    2132.188892
1984    2135.529006
1986    2138.873219
1988    2142.220667
1990    2145.569841
1992    2148.923113
1994    2152.278543
1996    2155.636776
1998    2158.997382
2000    2162.362302
2002    2165.729379
2004    2169.098613
2006    2172.472161
2008    2175.847866
2010    2179.225728
2012    2182.607904
2014    2185.990080
2016    2189.378727
2018    2192.767374
2020    2196.160335
2022    2199.557610
2024    2202.954885
2026    2206.356474
2028    2209.760220
2030    2213.168280
2032    2216.578497
2034    2219.993028
2036    2223.407559
2038    2226.826404
2040    2230.249563
2042    2233.672722
2044    2237.100195
2046    2240.531982
2048    2243.963769
2050    2247.399870
2052    2250.840285
2054    2254.280700
2056    2257.725429
2058    2261.174472
2060    2264.625672
2062    2268.079029
2064    2271.534543
2066    2274.994371
2068    2278.456356
2070    2281.922655
2072    2285.391111
2074    2288.861724
2076    2292.336651
2078    2295.813735
2080    2299.292976
2082    2302.776531
2084    2306.262243
2086    2309.750112
2088    2313.242295
2090    2316.736635
2092    2320.235289
2094    2323.733943
2096    2327.239068
2098    2330.744193
2100    2334.253632
2102    2337.765228
2104    2341.281138
2106    2344.799205
2108    2348.319429
2110    2351.843967
2112    2355.370662
2114    2358.901671
2116    2362.432680
2118    2365.968003
2120    2369.507640
2122    2373.049434
2124    2376.595542
2126    2380.141650
2128    2383.692072
2130    2387.244651
2132    2390.801544
2134    2394.360594
2136    2397.923958
2138    2401.489479
2140    2405.057157
2142    2408.626992
2144    2412.203298
2146    2415.779604
2148    2419.360224
2150    2422.943001
2152    2426.530092
2154    2430.117183
2156    2433.710745
2158    2437.304307
2160    2440.902183
2162    2444.504373
2164    2448.108720
2166    2451.715224
2168    2455.323885
2170    2458.936860
2172    2462.551992
2174    2466.171438
2176    2469.793041
2178    2473.418958
2180    2477.047032
2182    2480.677263
2184    2484.309651
2186    2487.946353
2188    2491.587369
2190    2495.228385
2192    2498.875872
2194    2502.523359
2196    2506.175160
2198    2509.831275
2200    2513.487390
2202    2517.149976
2204    2520.812562
2206    2524.479462
2208    2528.148519
2210    2531.821890
2212    2535.497418
2214    2539.177260
2216    2542.859259
2218    2546.543415
2220    2550.231885
2222    2553.922512
2224    2557.615296
2226    2561.312394
2228    2565.013806
2230    2568.715218
2232    2572.420944
2234    2576.130984
2236    2579.843181
2238    2583.557535
2240    2587.276203
2242    2590.997028
2244    2594.720010
2246    2598.449463
2248    2602.178916
2250    2605.912683
2252    2609.648607
2254    2613.386688
2256    2617.129083
2258    2620.873635
2260    2624.624658
2262    2628.375681
2264    2632.128861
2266    2635.886355
2268    2639.648163
2270    2643.412128
2272    2647.178250
2274    2650.948686
2276    2654.721279
2278    2658.496029
2280    2662.275093
2282    2666.058471
2284    2669.841849
2286    2673.631698
2288    2677.421547
2290    2681.215710
2292    2685.014187
2294    2688.814821
2296    2692.617612
2298    2696.422560
2300    2700.233979
2302    2704.045398
2304    2707.861131
2306    2711.681178
2308    2715.503382
2310    2719.327743
2312    2723.156418
2314    2726.987250
2316    2730.820239
2318    2734.657542
2320    2738.499159
2322    2742.342933
2324    2746.188864
2326    2750.039109
2328    2753.891511
2330    2757.746070
2332    2761.604943
2334    2765.468130
2336    2769.333474
2338    2773.200975
2340    2777.072790
2342    2780.946762
2344    2784.825048
2346    2788.705491
2348    2792.588091
2350    2796.475005
2352    2800.366233
2354    2804.257461
2356    2808.155160
2358    2812.052859
2360    2815.954872
2362    2819.861199
2364    2823.769683
2366    2827.680324
2368    2831.595279
2370    2835.514548
2372    2839.433817
2374    2843.359557
2376    2847.287454
2378    2851.217508
2380    2855.149719
2382    2859.088401
2384    2863.027083
2386    2866.970079
2388    2870.915232
2390    2874.864699
2392    2878.816323
2394    2882.772261
2396    2886.730356
2398    2890.692765
2400    2894.657331
2402    2898.626211
2404    2902.597248
2406    2906.570442
2408    2910.547950
2410    2914.527615
2412    2918.511594
2414    2922.499887
2416    2926.488180
2418    2930.482944
2420    2934.477708
2422    2938.476786
2424    2942.480178
2426    2946.485727
2428    2950.495590
2430    2954.507610
2432    2958.521787
2434    2962.540278
2436    2966.560926
2438    2970.585888
2440    2974.615164
2442    2978.646597
2444    2982.680187
2446    2986.715934
2448    2990.758152
2450    2994.802527
2452    2998.849059
2454    3002.897748
2456    3006.950751
2458    3011.008068
2460    3015.067542
2462    3019.131330
2464    3023.195118
2466    3027.265377
2468    3031.337793
2470    3035.412366
2472    3039.491253
2474    3043.572297
2476    3047.657655
2478    3051.747327
2480    3055.836999
2482    3059.933142
2484    3064.031442
2486    3068.131899
2488    3072.236670
2490    3076.343598
2492    3080.454840
2494    3084.568239
2496    3088.683795
2498    3092.805822
2500    3096.927849
2502    3101.054190
2504    3105.184845
2506    3109.317657
2508    3113.452626
2510    3117.594066
2512    3121.735506
2514    3125.881260
2516    3130.031328
2518    3134.183553
2520    3138.340092
2522    3142.498788
2524    3146.659641
2526    3150.824808
2528    3154.992132
2530    3159.163770
2532    3163.339722
2534    3167.517831
2536    3171.700254
2538    3175.882677
2540    3180.071571
2542    3184.262622
2544    3188.455830
2546    3192.653352
2548    3196.855188
2550    3201.059181
2552    3205.265331
2554    3209.475795
2556    3213.690573
2558    3217.907508
2560    3222.126600
2562    3226.350006
2564    3230.577726
2566    3234.807603
2568    3239.039637
2570    3243.275985
2572    3247.516647
2574    3251.759466
2576    3256.004442
2578    3260.253732
2580    3264.507336
2582    3268.763097
2584    3273.023172
2586    3277.285404
2588    3281.549793
2590    3285.820653
2592    3290.091513
2594    3294.366687
2596    3298.646175
2598    3302.927820
2600    3307.213779
2602    3311.501895
2604    3315.794325
2606    3320.088912
2608    3324.387813
2610    3328.688871
2612    3332.994243
2614    3337.301772
2616    3341.613615
2618    3345.929772
2620    3350.248086
2622    3354.568557
2624    3358.893342
2626    3363.220284
2628    3367.553697
2630    3371.887110
2632    3376.224837
2634    3380.566878
2636    3384.911076
2638    3389.257431
2640    3393.610257
2642    3397.965240
2644    3402.322380
2646    3406.681677
2648    3411.047445
2650    3415.415370
2652    3419.785452
2654    3424.159848
2656    3428.536401
2658    3432.917268
2660    3437.302449
2662    3441.689787
2664    3446.081439
2666    3450.475248
2668    3454.870998
2670    3459.271494
2672    3463.676088
2674    3468.084780
2676    3472.494120
2678    3476.909283
2680    3481.326603
2682    3485.746512
2684    3490.170519
2686    3494.596899
2688    3499.026945
2690    3503.461953
2692    3507.901275
2694    3512.339949
2696    3516.783585
2698    3521.231535
2700    3525.683367
2702    3530.135415
2704    3534.593934
2706    3539.054826
2708    3543.517443
2710    3547.986531
2712    3552.456267
2714    3556.929669
2716    3561.407385
2718    3565.887690
2720    3570.372093
2722    3574.860594
2724    3579.351684
2726    3583.844715
2728    3588.341844
2730    3592.843719
2732    3597.347319
2734    3601.855665
2736    3606.365952
2738    3610.880553
2740    3615.399468
2742    3619.920540
2744    3624.443553
2746    3628.971312
2748    3633.502953
2750    3638.037183
2752    3642.575511
2754    3647.115780
2756    3651.660795
2758    3656.209692
2760    3660.761178
2762    3665.316978
2764    3669.874503
2766    3674.436774
2768    3679.000986
2770    3683.569296
2772    3688.140195
2774    3692.717133
2776    3697.294071
2778    3701.875539
2780    3706.461753
2782    3711.049260
2784    3715.641513
2786    3720.238296
2788    3724.837020
2790    3729.437901
2792    3734.045469
2794    3738.654978
2796    3743.266428
2798    3747.882624
2800    3752.500761
2802    3757.122996
2804    3761.751702
2806    3766.378467
2808    3771.011919
2810    3775.649253
2812    3780.289392
2814    3784.933413
2816    3789.579375
2818    3794.229651
2820    3798.882300
2822    3803.539695
2824    3808.200972
2826    3812.861817
2828    3817.529781
2830    3822.201843
2832    3826.875846
2834    3831.552438
2836    3836.233128
2838    3840.918348
2840    3845.605077
2842    3850.296984
2844    3854.992341
2846    3859.688346
2848    3864.390822
2850    3869.094807
2852    3873.803970
2854    3878.516799
2856    3883.229844
2858    3887.949144
2860    3892.671033
2862    3897.397020
2864    3902.127321
2866    3906.859995
2868    3911.594394
2870    3916.333107
2872    3921.076350
2874    3925.821966
2876    3930.571896
2878    3935.325708
2880    3940.082109
2882    3944.842608
2884    3949.607205
2886    3954.374175
2888    3959.143302
2890    3963.919116
2892    3968.694282
2894    3973.476567
2896    3978.260577
2898    3983.049549
2900    3987.840030
2902    3992.635041
2904    3997.434150
2906    4002.233691
2908    4007.041644
2910    4011.849813
2912    4016.661648
2914    4021.476504
2916    4026.295026
2918    4031.118078
2920    4035.945444
2922    4040.775183
2924    4045.606863
2926    4050.444582
2928    4055.284890
2930    4060.127571
2932    4064.974566
2934    4069.825443
2936    4074.680634
2938    4079.536257
2940    4084.398351
2942    4089.261954
2944    4094.130735
2946    4099.003182
2948    4103.878002
2950    4108.756920
2952    4113.638427
2954    4118.524032
2956    4123.413951
2958    4128.306243
2960    4133.202417
2962    4138.101180
2964    4143.004041
2966    4147.911000
2968    4152.822273
2970    4157.736351
2972    4162.653879
2974    4167.573996
2976    4172.498643
2978    4177.425447
2980    4182.358290
2982    4187.293506
2984    4192.231095
2986    4197.172566
2988    4202.118567
2990    4207.066725
2992    4212.019197
2994    4216.975983
2996    4221.937299
2998    4226.897967
3000    4231.865970
