 70     240.353850
 72     247.228080
 74     254.102310
 76     260.976540
 78     267.862980
 80     274.749420
 82     281.635860
 84     288.534510
 86     295.420950
 88     302.307390
 90     309.206040
 92     316.104690
 94     323.003340
 96     329.926410
 98     336.849480
100     343.772550
102     350.720040
104     357.667530
106     364.639440
108     371.611350
110     378.595470
112     385.591800
114     392.600340
116     399.633300
118     406.678470
120     413.735850
122     420.817650
124     427.911660
126     435.030090
128     442.172940
130     449.340210
132     456.531900
134     463.735800
136     470.976330
138     478.241280
140     485.530650
142     492.856650
144     500.207070
146     507.594120
148     515.005590
150     522.453690
152     529.938420
154     537.447570
156     545.005560
158     552.600180
160     560.219220
162     567.899310
164     575.603820
166     583.357170
168     591.147150
170     598.985970
172     606.873630
174     614.797920
176     622.783260
178     630.805230
180     638.876040
182     646.995690
184     655.164180
186     663.393720
188     671.672100
190     679.999320
192     688.387590
194     696.836910
196     705.335070
198     713.882070
200     722.502330
202     731.171430
204     739.901580
206     748.692780
208     757.545030
210     766.470540
212     775.457100
214     784.492500
216     793.613370
218     802.783080
220     812.038260
222     821.342280
224     830.731770
226     840.182310
228     849.693900
230     859.290960
232     868.949070
234     878.692650
236     888.497280
238     898.387380
240     908.350740
242     918.387360
244     928.497240
246     938.692590
248     948.961200
250     959.315280
252     969.742620
254     980.255430
256     990.841500
258    1001.513040
260    1012.270050
262    1023.112530
264    1034.040480
266    1045.053900
268    1056.152790
270    1067.337150
272    1078.606980
274    1089.962280
276    1101.415260
278    1112.953710
280    1124.589840
282    1136.311440
284    1148.130720
286    1160.035470
288    1172.037900
290    1184.138010
292    1196.323590
294    1208.619060
296    1221.000000
298    1233.478620
300    1246.067130
302    1258.741110
304    1271.524980
306    1284.406530
308    1297.385760
310    1310.462670
312    1323.649470
314    1336.933950
316    1350.328320
318    1363.820370
320    1377.422310
322    1391.121930
324    1404.943650
326    1418.863050
328    1432.892340
330    1447.031520
332    1461.280590
334    1475.639550
336    1490.108400
338    1504.687140
340    1519.387980
342    1534.198710
344    1549.119330
346    1564.162050
348    1579.314660
350    1594.589370
352    1609.986180
354    1625.492880
356    1641.133890
358    1656.884790
360    1672.757790
362    1688.752890
364    1704.870090
366    1721.121600
368    1737.483000
370    1753.978710
372    1770.596520
374    1787.348640
376    1804.222860
378    1821.219180
380    1838.349810
382    1855.614750
384    1873.001790
386    1890.523140
388    1908.178800
390    1925.956560
392    1943.868630
394    1961.915010
396    1980.107910
398    1998.422910
400    2016.884430
402    2035.480260
404    2054.210400
406    2073.074850
408    2092.085820
410    2111.243310
412    2130.535110
414    2149.961220
416    2169.546060
418    2189.265210
420    2209.130880
422    2229.143070
424    2249.301780
426    2269.607010
428    2290.058760
430    2310.669240
432    2331.414030
434    2352.329760
436    2373.379800
438    2394.588570
440    2415.956070
442    2437.470090
444    2459.155050
446    2480.974320
448    2502.964530
450    2525.113470
452    2547.408930
454    2569.875330
456    2592.500460
458    2615.284320
460    2638.226910
462    2661.328230
464    2684.600490
466    2708.031480
468    2731.621200
470    2755.394070
472    2779.325670
474    2803.416000
476    2827.689480
478    2852.121690
480    2876.737050
482    2901.523350
484    2926.480590
486    2951.608770
488    2976.907890
490    3002.390160
492    3028.055580
494    3053.891940
496    3079.899240
498    3106.101900
500    3132.475500
502    3159.032250
504    3185.772150
506    3212.707410
508    3239.813610
510    3267.102960
512    3294.599880
514    3322.267740
516    3350.130960
518    3378.177330
520    3406.419060
522    3434.856150
524    3463.476390
526    3492.291990
528    3521.315160
530    3550.521480
532    3579.923160
534    3609.520200
536    3639.324810
538    3669.312570
540    3699.507900
542    3729.898590
544    3760.496850
546    3791.302680
548    3822.303870
550    3853.512630
552    3884.928960
554    3916.552860
556    3948.384330
558    3980.435580
560    4012.682190
562    4045.160790
564    4077.834750
566    4110.740700
568    4143.854220
570    4177.187520
572    4210.728390
574    4244.501250
576    4278.481680
578    4312.694100
580    4347.126300
582    4381.778280
584    4416.650040
586    4451.753790
588    4487.089530
590    4522.645050
592    4558.432560
594    4594.439850
596    4630.691340
598    4667.162610
600    4703.878080
602    4740.825540
604    4778.004990
606    4815.416430
608    4853.072070
610    4890.959700
612    4929.091530
614    4967.455350
616    5006.063370
618    5044.915590
620    5084.012010
622    5123.352630
624    5162.949660
626    5202.778680
628    5242.864110
630    5283.205950
632    5323.791990
634    5364.634440
636    5405.733300
638    5447.076360
640    5488.688040
642    5530.543920
644    5572.668420
646    5615.049330
648    5657.698860
650    5700.604800
652    5743.779360
654    5787.210330
656    5830.922130
658    5874.890340
660    5919.139380
662    5963.644830
664    6008.431110
666    6053.498220
668    6098.833950
670    6144.438300
672    6190.323480
674    6236.489490
676    6282.936330
678    6329.651790
680    6376.660290
682    6423.949620
684    6471.519780
686    6519.382980
688    6567.527010
690    6615.951870
692    6664.681980
694    6713.692920
696    6762.984690
698    6812.581710
700    6862.483980
702    6912.667080
704    6963.155430
706    7013.936820
708    7065.011250
710    7116.403140
712    7168.088070
714    7220.078250
716    7272.373680
718    7324.974360
720    7377.880290
722    7431.103680
724    7484.632320
726    7538.478420
728    7592.629770
730    7647.110790
732    7701.897060
734    7757.013000
736    7812.434190
738    7868.185050
740    7924.265580
742    7980.663570
744    8037.379020
746    8094.436350
748    8151.811140
750    8209.515600
752    8267.561940
754    8325.937950
756    8384.643630
758    8443.678980
760    8503.068420
762    8562.775320
764    8622.824100
766    8683.226970
768    8743.959510
770    8805.046140
772    8866.474650
774    8928.257250
776    8990.381730
778    9052.860300
780    9115.705170
782    9178.891920
784    9242.432760
786    9306.339900
788    9370.613340
790    9435.253080
792    9500.246910
794    9565.607040
796    9631.333470
798    9697.413990
800    9763.873020
802    9830.698350
804    9897.902190
806    9965.460120
808   10033.408770
810   10101.723720
812   10170.392760
814   10239.452520
816   10308.878580
818   10378.695360
820   10448.890650
822   10519.464450
824   10590.428970
826   10661.784210
828   10733.517960
830   10805.642430
832   10878.169830
834   10951.087950
836   11024.409000
838   11098.120770
840   11172.235470
842   11246.753100
844   11321.661450
846   11396.984940
848   11472.711360
850   11548.840710
852   11625.385200
854   11702.344830
856   11779.707390
858   11857.472880
860   11935.665720
862   12014.249280
864   12093.247980
866   12172.661820
868   12252.503010
870   12332.771550
872   12413.479650
874   12494.602890
876   12576.165690
878   12658.168050
880   12740.609970
882   12823.491450
884   12906.812490
886   12990.609720
888   13074.883140
890   13159.596120
892   13244.773080
894   13330.389600
896   13416.457890
898   13502.990160
900   13589.961990
902   13677.385590
904   13765.260960
906   13853.588100
908   13942.367010
910   14031.609900
912   14121.243510
914   14211.341100
916   14301.902670
918   14392.916010
920   14484.393330
922   14576.346840
924   14668.764330
926   14761.658010
928   14855.015670
930   14948.861730
932   15043.183980
934   15137.994630
936   15233.293680
938   15329.081130
940   15425.356980
942   15522.133440
944   15619.398300
946   15717.163770
948   15815.417640
950   15914.184330
952   16013.439420
954   16113.207330
956   16213.475850
958   16314.257190
960   16415.539140
962   16517.346120
964   16619.653710
966   16722.486330
968   16825.831770
970   16929.702240
972   17034.097740
974   17139.006060
976   17244.451620
978   17350.422210
980   17456.917830
982   17563.950690
984   17671.520790
986   17779.628130
988   17888.284920
990   17997.478950
992   18107.222430
994   18217.503150
996   18328.321110
998   18439.688520
1000   18551.605380
1002   18664.083900
1004   18777.099660
1006   18890.664870
1008   19004.791740
1010   19119.468060
1012   19234.693830
1014   19350.469050
1016   19466.818140
1018   19583.716680
1020   19701.189090
1022   19819.223160
1024   19937.831100
1026   20057.012910
1028   20176.756380
1030   20297.085930
1032   20417.989350
1034   20539.466640
1036   20661.517800
1038   20784.142830
1040   20907.341730
1042   21031.138920
1044   21155.534400
1046   21280.515960
1048   21406.108020
1050   21532.298370
1052   21659.087010
1054   21786.498360
1056   21914.508000
1058   22043.140350
1060   22172.383200
1062   22302.285390
1064   22432.822500
1066   22563.970110
1068   22695.752640
1070   22828.157880
1072   22961.185830
1074   23094.848700
1076   23229.146490
1078   23364.079200
1080   23499.646830
1082   23635.837170
1084   23772.674640
1086   23910.147030
1088   24048.254340
1090   24186.996570
1092   24326.385930
1094   24466.434630
1096   24607.118250
1098   24748.461210
1100   24890.451300
1102   25033.100730
1104   25176.409500
1106   25320.365400
1108   25464.992850
1110   25610.291850
1112   25756.201350
1114   25902.782400
1116   26050.047210
1118   26197.983570
1120   26346.591480
1122   26495.895360
1124   26645.883000
1126   26796.554400
1128   26947.921770
1130   27099.985110
1132   27252.756630
1134   27406.236330
1136   27560.436420
1138   27715.393530
1140   27871.046610
1142   28027.420080
1144   28184.513940
1146   28342.315980
1148   28500.838410
1150   28660.093440
1152   28820.056650
1154   28980.752460
1156   29142.168660
1158   29304.305250
1160   29467.174440
1162   29630.751810
1164   29795.061780
1166   29960.104350
1168   30125.879520
1170   30292.399500
1172   30459.652080
1174   30627.661680
1176   30796.416090
1178   30965.915310
1180   31136.171550
1182   31307.184810
1184   31478.955090
1186   31651.482390
1188   31824.766710
1190   31998.832470
1192   32173.655250
1194   32349.247260
1196   32525.620710
1198   32702.763390
1200   32880.687510
1202   33059.393070
1204   33238.880070
1206   33419.148510
1208   33600.210600
1210   33782.054130
1212   33964.691310
1214   34148.122140
1216   34332.346620
1218   34517.376960
1220   34703.213160
1222   34889.867430
1224   35077.327560
1226   35265.593550
1228   35454.689820
1230   35644.604160
1232   35835.336570
1234   36026.899260
1236   36219.292230
1238   36412.527690
1240   36606.593430
1242   36801.489450
1244   36997.240170
1246   37193.833380
1248   37391.281290
1250   37589.571690
1252   37788.716790
1254   37988.728800
1256   38189.595510
1258   38391.329130
1260   38593.929660
1262   38797.421520
1264   39001.792500
1266   39207.030390
1268   39413.159610
1270   39620.155740
1272   39828.030990
1274   40036.797570
1276   40246.443270
1278   40456.968090
1280   40668.396450
1282   40880.703930
1284   41093.914950
1286   41308.005090
1288   41522.974350
1290   41738.847150
1292   41955.623490
1294   42173.303370
1296   42391.899000
1298   42611.398170
1300   42831.825300
1302   43053.168180
1304   43275.426810
1306   43498.613400
1308   43722.727950
1310   43947.770460
1312   44173.740930
1314   44400.651570
1316   44628.502380
1318   44857.293360
1320   45087.036720
1322   45317.720250
1324   45549.380580
1326   45781.981080
1328   46015.558380
1330   46250.100270
1332   46485.606750
1334   46722.090030
1336   46959.562320
1338   47198.023620
1340   47437.473930
1342   47677.913250
1344   47919.341580
1346   48161.758920
1348   48405.165270
1350   48649.560630
1352   48894.969420
1354   49141.367220
1356   49388.778450
1358   49637.190900
1360   49886.616780
1362   50137.031670
1364   50388.459990
1366   50640.913950
1368   50894.381340
1370   51148.874370
1372   51404.405250
1374   51660.949560
1376   51918.531720
1378   52177.151730
1380   52436.809590
1382   52697.517510
1384   52959.251070
1386   53222.046900
1388   53485.868370
1390   53750.764320
1392   54016.698120
1394   54283.706400
1396   54551.776950
1398   54820.921980
1400   55091.141490
1402   55362.423270
1404   55634.803950
1406   55908.259110
1408   56182.800960
1410   56458.429500
1412   56735.156940
1414   57012.983280
1416   57291.908520
1418   57571.932660
1420   57853.080120
1422   58135.326480
1424   58418.696160
1426   58703.189160
1428   58988.793270
1430   59275.532910
1432   59563.395870
1434   59852.406570
1436   60142.552800
1438   60433.858980
1440   60726.312900
1442   61019.902350
1444   61314.639540
1446   61610.536680
1448   61907.581560
1450   62205.786390
1452   62505.151170
1454   62805.675900
1456   63107.360580
1458   63410.205210
1460   63714.222000
1462   64019.362110
1464   64325.674380
1466   64633.171020
1468   64941.852030
1470   65251.717410
1472   65562.779370
1474   65875.037910
1476   66188.505240
1478   66503.181360
1480   66819.066270
1482   67136.172180
1484   67454.499090
1486   67774.071420
1488   68094.913590
1490   68416.976760
1492   68740.273140
1494   69064.814940
1496   69390.602160
1498   69717.622590
1500   70045.888440
1502   70375.411920
1504   70706.168610
1506   71038.195140
1508   71371.467090
1510   71706.008880
1512   72041.759460
1514   72378.779880
1516   72717.070140
1518   73056.630240
1520   73397.472390
1522   73739.584380
1524   74082.990630
1526   74427.691140
1528   74773.673700
1530   75120.962730
1532   75469.558230
1534   75819.447990
1536   76170.656430
1538   76523.183550
1540   76877.029350
1542   77232.206040
1544   77588.701410
1546   77946.515460
1548   78305.672610
1550   78666.160650
1552   79027.991790
1554   79391.153820
1556   79755.671160
1558   80121.543810
1560   80488.759560
1562   80857.306200
1564   81227.220360
1566   81598.489830
1568   81971.139030
1570   82345.167960
1572   82720.564410
1574   83097.352800
1576   83475.520920
1578   83855.093190
1580   84236.057400
1582   84618.437970
1584   85002.210480
1586   85387.423770
1588   85774.065630
1590   86162.123850
1592   86551.610640
1594   86942.526000
1596   87334.869930
1598   87728.642430
1600   88123.843500
1602   88520.485350
1604   88918.567980
1606   89318.091390
1608   89719.067790
1610   90121.484970
1612   90525.306300
1614   90930.568410
1616   91337.295720
1618   91745.500440
1620   92155.182570
1622   92566.329900
1624   92978.979060
1626   93393.117840
1628   93808.746240
1630   94225.888680
1632   94644.532950
1634   95064.691260
1636   95486.449080
1638   95909.806410
1640   96334.677780
1642   96761.075400
1644   97188.999270
1646   97618.437180
1648   98049.413550
1650   98481.891750
1652   98915.908410
1654   99351.451320
1656   99788.508270
1658   100227.091470
1660   100667.200920
1662   101108.531370
1664   101551.412490
1666   101995.819860
1668   102441.802320
1670   102889.347660
1672   103338.468090
1674   103789.175820
1676   104241.495270
1678   104695.426440
1680   105150.981540
1682   105608.160570
1684   106067.000160
1686   106527.707880
1688   106990.283730
1690   107454.532350
1692   107920.417110
1694   108387.950220
1696   108857.131680
1698   109327.937070
1700   109800.378600
1702   110274.456270
1704   110750.133450
1706   111227.446770
1708   111706.359600
1710   112186.871940
1712   112668.470970
1714   113151.669510
1716   113636.504190
1718   114122.987220
1720   114611.130810
1722   115100.947170
1724   115592.460720
1726   116085.683670
1728   116580.616020
1730   117077.294400
1732   117575.731020
1734   118075.938090
1736   118578.184230
1738   119082.493860
1740   119588.586150
1742   120096.461100
1744   120606.106500
1746   121117.522350
1748   121630.696440
1750   122145.640980
1752   122662.331550
1754   123180.768150
1756   123700.950780
1758   124222.867230
1760   124746.529710
1762   125271.510870
1764   125798.238060
1766   126326.699070
1768   126856.930530
1770   127388.932440
1772   127922.704800
1774   128458.272030
1776   128995.646340
1778   129534.815520
1780   130075.816200
1782   130618.648380
1784   131163.312060
1786   131709.892710
1788   132258.402540
1790   132808.780500
1792   133361.026590
1794   133915.140810
1796   134471.135370
1798   135029.010270
1800   135588.789930
1802   136150.449930
1804   136714.014690
1806   137279.472000
1808   137846.858490
1810   138416.149740
1812   138987.492270
1814   139560.751770
1816   140135.940450
1818   140713.046100
1820   141292.068720
1822   141873.008310
1824   142455.877080
1826   143040.662820
1828   143627.365530
1830   144215.985210
1832   144806.521860
1834   145398.987690
1836   145993.309440
1838   146589.487110
1840   147187.581750
1842   147787.617780
1844   148389.582990
1846   148993.501800
1848   149599.362000
1850   150207.175800
1852   150816.955410
1854   151428.688620
1856   152042.399850
1858   152658.076890
1860   153275.731950
1862   153895.108620
1864   154516.487730
1866   155139.881490
1868   155765.302110
1870   156392.761800
1872   157022.297190
1874   157653.896070
1876   158287.595070
1878   158923.394190
1880   159561.317850
1882   160201.378260
1884   160843.587630
1886   161488.312260
1888   162135.527730
1890   162784.904370
1892   163436.442180
1894   164090.104530
1896   164745.903630
1898   165403.827270
1900   166063.851030
1902   166725.987120
1904   167390.198910
1906   168056.498610
1908   168724.861800
1910   169395.288480
1912   170066.960580
1914   170740.708380
1916   171416.531880
1918   172094.479920
1920   172774.552500
1922   173456.774040
1924   174141.168960
1926   174827.749470
1928   175516.539990
1930   176207.577150
1932   176900.848740
1934   177596.403600
1936   178294.656870
1938   178995.596340
1940   179698.831290
1942   180404.349510
1944   181112.126580
1946   181822.162500
1948   182534.457270
1950   183248.974260
1952   183965.725680
1954   184684.699320
1956   185405.870760
1958   186129.240000
1960   186854.794830
1962   187581.729390
1964   188310.873960
1966   189042.216330
1968   189775.805340
1970   190511.653200
1972   191249.784330
1974   191990.198730
1976   192732.945240
1978   193478.023860
1980   194225.471220
1982   194975.299530
1984   195727.521000
1986   196482.501930
1988   197240.242320
1990   198000.412500
1992   198762.988050
1994   199527.993390
1996   200295.391890
1998   201065.207970
2000   201837.417210
2002   202612.019610
2004   203389.015170
2006   204168.391680
2008   204950.149140
2010   205734.275340
2012   206520.367350
2014   207308.840310
2016   208099.706430
2018   208892.965710
2020   209688.642570
2022   210486.737010
2024   211287.249030
2026   212090.215260
2028   212895.623490
2030   213703.485930
2032   214513.827000
2034   215326.646700
2036   216142.030500
2038   216959.966190
2040   217780.417140
2042   218603.371140
2044   219428.840400
2046   220256.824920
2048   221087.336910
2050   221920.376370
2052   222755.955510
2054   223594.074330
2056   224434.732830
2058   225277.943220
2060   226123.705500
2062   226971.897570
2064   227822.653740
2066   228675.998430
2068   229531.931640
2070   230390.465580
2072   231251.612460
2074   232115.372280
2076   232981.769460
2078   233850.816210
2080   234722.500320
2082   235596.858420
2084   236473.878300
2086   237353.791950
2088   238236.587160
2090   239122.056360
2092   240010.211760
2094   240901.028940
2096   241794.507900
2098   242690.660850
2100   243589.451160
2102   244490.903250
2104   245394.992700
2106   246301.731720
2108   247211.095890
2110   248123.085210
2112   249037.052550
2114   249953.645040
2116   250872.911520
2118   251794.864200
2120   252719.527500
2122   253646.901420
2124   254577.034800
2126   255509.939850
2128   256445.616570
2130   257384.113800
2132   258325.431540
2134   259269.606420
2136   260216.980320
2138   261167.565450
2140   262121.019930
2142   263077.343760
2144   264036.524730
2146   264998.575050
2148   265963.470300
2150   266931.210480
2152   267901.783380
2154   268875.213420
2156   269851.451760
2158   270830.535030
2160   271812.426600
2162   272796.747960
2164   273783.889830
2166   274773.864420
2168   275766.696150
2170   276762.372810
2172   277760.918820
2174   278762.346390
2176   279766.655520
2178   280773.870630
2180   281783.991720
2182   282797.031000
2184   283813.000680
2186   284831.974020
2188   285853.951020
2190   286878.895050
2192   287906.781690
2194   288937.635360
2196   289971.468270
2198   291008.256000
2200   292048.022970
2202   293090.781390
2204   294136.519050
2206   295185.260370
2208   296236.980930
2210   297291.717360
2212   298349.335350
2214   299409.957000
2216   300473.618940
2218   301540.308960
2220   302610.051480
2222   303682.858710
2224   304758.730650
2226   305837.679510
2228   306919.717500
2230   308004.869040
2232   309093.109710
2234   310184.488350
2236   311279.127060
2238   312377.025840
2240   313478.074800
2242   314582.249520
2244   315689.562210
2246   316800.012870
2248   317913.589290
2250   319030.315890
2252   320150.168250
2254   321273.170790
2256   322399.299090
2258   323528.553150
2260   324660.957390
2262   325796.096670
2264   326934.386130
2266   328075.850190
2268   329220.488850
2270   330368.326530
2272   331519.375440
2274   332673.647790
2276   333831.168000
2278   334991.948280
2280   336156.000840
2282   337323.337890
2284   338493.996060
2286   339668.085240
2288   340845.654270
2290   342026.556630
2292   343210.792320
2294   344398.385760
2296   345589.324740
2298   346783.621470
2300   347981.275950
2302   349182.288180
2304   350386.682580
2306   351594.459150
2308   352805.605680
2310   354020.146590
2312   355238.069670
2314   356459.399340
2316   357684.123390
2318   358912.266240
2320   360143.815680
2322   361378.771710
2324   362617.170960
2326   363858.976800
2328   365104.225860
2330   366352.918140
2332   367605.053640
2334   368860.632360
2336   370119.654300
2338   371382.143880
2340   372648.101100
2342   373917.525960
2344   375190.418460
2346   376466.803020
2348   377746.655220
2350   379029.999480
2352   380316.848010
2354   381607.188600
2356   382901.033460
2358   384198.394800
2360   385499.260410
2362   386803.520400
2364   388111.309080
2366   389422.638660
2368   390737.521350
2370   392055.957150
2372   393377.970480
2374   394703.573550
2376   396032.754150
2378   397365.536700
2380   398701.933410
2382   400041.956490
2384   401385.605940
2386   402732.979440
2388   404084.052570
2390   405438.788700
2392   406797.187830
2394   408159.249960
2396   409524.987300
2398   410894.387640
2400   412267.475400
2402   413644.250580
2404   415024.725390
2406   416408.887620
2408   417796.749480
2410   419188.323180
2412   420583.474410
2414   421982.349690
2416   423384.961230
2418   424791.309030
2420   426201.417510
2422   427615.274460
2424   429032.916510
2426   430454.343660
2428   431879.555910
2430   433308.577680
2432   434741.408970
2434   436178.061990
2436   437618.561160
2438   439062.894270
2440   440511.097950
2442   441963.147780
2444   443419.092600
2446   444878.907990
2448   446342.630580
2450   447810.248160
2452   449281.785150
2454   450757.253760
2456   452236.666200
2458   453720.010260
2460   455207.322570
2462   456698.871750
2464   458194.376970
2466   459693.850440
2468   461197.304370
2470   462704.714340
2472   464216.092560
2474   465731.451240
2476   467250.765960
2478   468774.048930
2480   470301.300150
2482   471832.519620
2484   473367.719550
2486   474906.667950
2488   476449.401450
2490   477996.127620
2492   479546.858670
2494   481101.606810
2496   482660.396460
2498   484223.239830
2500   485790.149130
2502   487361.148780
2504   488936.238780
2506   490515.443550
2508   492098.775300
2510   493686.258450
2512   495278.161620
2514   496874.228400
2516   498474.458790
2518   500078.877210
2520   501687.471450
2522   503300.253720
2524   504917.224020
2526   506538.382350
2528   508163.753130
2530   509793.324150
2532   511427.107620
2534   513065.103540
2536   514707.324120
2538   516353.781570
2540   518004.451470
2542   519659.370450
2544   521318.526300
2546   522981.931230
2548   524649.585240
2550   526321.500540
2552   527997.677130
2554   529678.127220
2556   531362.838600
2558   533051.835690
2560   534745.106280
2562   536442.406170
2564   538144.016190
2566   539849.936340
2568   541560.191040
2570   543274.792500
2572   544993.765140
2574   546717.108960
2576   548444.860590
2578   550177.007820
2580   551913.587280
2582   553654.611180
2584   555400.091730
2586   557150.175450
2588   558904.874550
2590   560664.066930
2592   562427.752590
2594   564195.931530
2596   565968.603750
2598   567745.793670
2600   569527.501290
2602   571313.726610
2604   573104.469630
2606   574899.742560
2608   576699.545400
2610   578503.890360
2612   580312.643130
2614   582125.962440
2616   583943.836080
2618   585766.288470
2620   587593.319610
2622   589424.953920
2624   591261.179190
2626   593102.032050
2628   594947.512500
2630   596797.620540
2632   598652.380590
2634   600511.792650
2636   602375.942190
2638   604244.829210
2640   606118.404870
2642   607996.656960
2644   609879.597690
2646   611767.239270
2648   613659.581700
2650   615556.624980
2652   617458.369110
2654   619364.838510
2656   621276.033180
2658   623191.940910
2660   625112.598330
2662   627037.846710
2664   628967.832570
2666   630902.592540
2668   632842.114410
2670   634786.398180
2672   636735.480480
2674   638689.361310
2676   640648.052880
2678   642611.555190
2680   644579.892660
2682   646553.065290
2684   648531.085290
2686   650513.891610
2688   652501.508670
2690   654494.009730
2692   656491.419210
2694   658493.749320
2696   660501.000060
2698   662513.208060
2700   664530.373320
2702   666552.520260
2704   668579.661090
2706   670611.820230
2708   672648.997680
2710   674691.217860
2712   676738.883700
2714   678791.604480
2716   680849.392410
2718   682912.235280
2720   684980.120880
2722   687053.073630
2724   689131.081320
2726   691214.143950
2728   693302.261520
2730   695395.434030
2732   697493.661480
2734   699596.956080
2736   701705.098050
2738   703818.099600
2740   705936.180510
2742   708059.365200
2744   710187.653670
2746   712321.058130
2748   714459.615210
2750   716603.324910
2752   718752.211650
2754   720906.275430
2756   723065.540670
2758   725230.031790
2760   727399.748790
2762   729574.972500
2764   731755.458720
2766   733941.207450
2768   736132.206480
2770   738328.480230
2772   740530.028700
2774   742736.851890
2776   744948.962010
2778   747166.359060
2780   749389.055250
2782   751617.038370
2784   753850.345050
2786   756088.804350
2788   758332.465110
2790   760581.461640
2792   762835.806150
2794   765095.510850
2796   767360.600160
2798   769631.086290
2800   771906.981450
2802   774188.310060
2804   776475.072120
2806   778767.304260
2808   781064.994270
2810   783368.190990
2812   785677.004310
2814   787991.348760
2816   790311.212130
2818   792636.606630
2820   794967.544470
2822   797304.037860
2824   799646.099010
2826   801993.740130
2828   804346.961220
2830   806705.774490
2832   809070.204360
2834   811440.238620
2836   813816.048210
2838   816197.608710
2840   818584.810230
2842   820977.640560
2844   823376.099700
2846   825780.187650
2848   828189.916620
2850   830605.274400
2852   833026.260990
2854   835452.876390
2856   837885.132810
2858   840323.018040
2860   842766.532080
2862   845215.015590
2864   847669.164540
2866   850128.991140
2868   852594.519810
2870   855065.787180
2872   857542.817670
2874   860025.635700
2876   862514.253480
2878   865008.719850
2880   867509.047020
2882   870015.259410
2884   872527.381440
2886   875045.840460
2888   877570.660890
2890   880101.415380
2892   882638.103930
2894   885180.738750
2896   887729.295420
2898   890283.773940
2900   892844.174310
2902   895410.496530
2904   897982.716180
2906   900560.833260
2908   903144.859980
2910   905734.784130
2912   908329.921950
2914   910930.969410
2916   913537.950930
2918   916150.878720
2920   918769.777200
2922   921394.658580
2924   924025.559490
2926   926662.492140
2928   929305.468740
2930   931954.525920
2932   934609.675890
2934   937270.930860
2936   939938.266410
2938   942611.682540
2940   945291.276930
2942   947977.086210
2944   950669.122590
2946   953367.422700
2948   956072.010960
2950   958782.899580
2952   961500.137400
2954   964223.724420
2956   966953.697270
2958   969690.092580
2960   972432.922560
2962   975183.542520
2964   977940.597150
2966   980704.062030
2968   983473.924950
2970   986250.137070
2972   989032.686180
2974   991821.547860
2976   994616.697690
2978   997418.111250
2980   1000225.751910
2982   1003039.595250
2984   1005859.629060
2986   1008685.474830
2988   1011517.144770
2990   1014354.956340
2992   1017198.909540
2994   1020049.004370
2996   1022905.240830
2998   1025767.631130
3000   1028636.150850
