 70      21.668794
 72      22.086194
 74      22.506002
 76      22.928139
 78      23.352846
 80      23.779801
 82      24.209245
 84      24.641019
 86      25.075120
 88      25.511551
 90      25.950310
 92      26.391318
 94      26.834654
 96      27.280158
 98      27.727991
100      28.177993
102      28.630242
104      29.084660
106      29.541246
108      30.000000
110      30.460922
112      30.923931
114      31.389029
116      31.856214
118      32.325488
120      32.796849
122      33.270217
124      33.745593
126      34.222977
128      34.702287
130      35.183606
132      35.666931
134      36.152104
136      36.639284
138      37.128231
140      37.619185
142      38.111986
144      38.606554
146      39.102968
148      39.601310
150      40.101338
152      40.603133
154      41.106775
156      41.612102
158      42.119117
160      42.627897
162      43.138365
164      43.650518
166      44.164358
168      44.679803
170      45.196855
172      45.715513
174      46.235776
176      46.757646
178      47.281042
180      47.805963
182      48.332409
184      48.860382
186      49.389800
188      49.920743
190      50.453132
192      50.986887
194      51.522166
196      52.058811
198      52.596821
200      53.136196
202      53.676936
204      54.218962
206      54.762352
208      55.307107
210      55.853067
212      56.400311
214      56.948760
216      57.498413
218      58.049352
220      58.601495
222      59.154762
224      59.709233
226      60.264829
228      60.821629
230      61.379473
232      61.938361
234      62.498373
236      63.059510
238      63.621610
240      64.184754
242      64.748861
244      65.314093
246      65.880128
248      66.447206
250      67.015248
252      67.584174
254      68.153983
256      68.724755
258      69.296330
260      69.868869
262      70.442131
264      71.016196
266      71.591144
268      72.166815
270      72.743369
272      73.320565
274      73.898484
276      74.477206
278      75.056571
280      75.636578
282      76.217387
284      76.798759
286      77.380693
288      77.963350
290      78.546569
292      79.130350
294      79.714693
296      80.300000
298      80.885066
300      81.471015
302      82.057446
304      82.644359
306      83.231753
308      83.819629
310      84.407827
312      84.996506
314      85.585587
316      86.174989
318      86.764792
320      87.354917
322      87.945363
324      88.536130
326      89.127218
328      89.718467
330      90.310037
332      90.901929
334      91.493900
336      92.086193
338      92.678566
340      93.271180
342      93.863955
344      94.456890
346      95.049825
348      95.643001
350      96.236177
352      96.829353
354      97.422690
356      98.016027
358      98.609364
360      99.202781
362      99.796117
364     100.389374
366     100.982630
368     101.575806
370     102.168902
372     102.761917
374     103.354772
376     103.947467
378     104.540081
380     105.132454
382     105.724666
384     106.316638
386     106.908449
388     107.499939
390     108.091268
392     108.682196
394     109.272963
396     109.863328
398     110.453453
400     111.043176
402     111.632578
404     112.221498
406     112.810097
408     113.398295
410     113.986091
412     114.573325
414     115.160237
416     115.746588
418     116.332457
420     116.917764
422     117.502669
424     118.086932
426     118.670632
428     119.253771
430     119.836267
432     120.418201
434     120.999413
436     121.580062
438     122.159988
440     122.739273
442     123.317834
444     123.895673
446     124.472789
448     125.049102
450     125.624693
452     126.199480
454     126.773464
456     127.346646
458     127.918944
460     128.490439
462     129.060970
464     129.630699
466     130.199464
468     130.767346
470     131.334263
472     131.900218
474     132.465209
476     133.029156
478     133.592139
480     134.154078
482     134.714974
484     135.274825
486     135.833633
488     136.391317
490     136.947876
492     137.503311
494     138.057542
496     138.610648
498     139.162550
500     139.713328
502     140.566354
504     141.160574
506     141.754875
508     142.349255
510     142.943636
512     143.538097
514     144.132638
516     144.727099
518     145.321801
520     145.916422
522     146.511124
524     147.105826
526     147.700688
528     148.295551
530     148.890493
532     149.485516
534     150.080539
536     150.675723
538     151.270907
540     151.866090
542     152.461354
544     153.056698
546     153.652123
548     154.247628
550     154.843132
552     155.438798
554     156.034463
556     156.630209
558     157.225955
560     157.821861
562     158.417847
564     159.013834
566     159.609901
568     160.206129
570     160.802276
572     161.398584
574     161.994972
576     162.591440
578     163.187908
580     163.784457
582     164.381166
584     164.977876
586     165.574746
588     166.171616
590     166.768566
592     167.365596
594     167.962787
596     168.559898
598     169.157250
600     169.754602
602     170.352034
604     170.949546
606     171.547219
608     172.144892
610     172.742725
612     173.340559
614     173.938472
616     174.536547
618     175.134701
620     175.732856
622     176.331171
624     176.929567
626     177.528043
628     178.126599
630     178.725316
632     179.324113
634     179.922910
636     180.521868
638     181.120826
640     181.720024
642     182.319303
644     182.918582
646     183.518021
648     184.117541
650     184.717141
652     185.316902
654     185.916663
656     186.516584
658     187.116586
660     187.716748
662     188.316990
664     188.917233
666     189.517716
668     190.118200
670     190.718924
672     191.319648
674     191.920453
676     192.521418
678     193.122544
680     193.723670
682     194.324956
684     194.926323
686     195.527850
688     196.129458
690     196.731146
692     197.333074
694     197.935003
696     198.537093
698     199.139262
700     199.741512
702     200.343923
704     200.946494
706     201.549146
708     202.151877
710     202.754850
712     203.357823
714     203.960956
716     204.564170
718     205.167544
720     205.771079
722     206.374613
724     206.978389
726     207.582245
728     208.186262
730     208.790359
732     209.394616
734     209.998954
736     210.603452
738     211.208031
740     211.812851
742     212.417751
744     213.022731
746     213.627872
748     214.233173
750     214.838555
752     215.444097
754     216.049800
756     216.655583
758     217.261527
760     217.867631
762     218.473816
764     219.080242
766     219.686667
768     220.293334
770     220.900081
772     221.507068
774     222.114056
776     222.721284
778     223.328593
780     223.936063
782     224.543693
784     225.151484
786     225.759435
788     226.367467
790     226.975659
792     227.584012
794     228.192525
796     228.801199
798     229.409953
800     230.018948
802     230.628024
804     231.237340
806     231.846657
808     232.456294
810     233.065932
812     233.675811
814     234.285850
816     234.896049
818     235.506329
820     236.116850
822     236.727451
824     237.338293
826     237.949216
828     238.560379
830     239.171623
832     239.783027
834     240.394672
836     241.006478
838     241.618364
840     242.230491
842     242.842778
844     243.455146
846     244.067755
848     244.680444
850     245.293374
852     245.906464
854     246.519715
856     247.133127
858     247.746780
860     248.360512
862     248.974486
864     249.588540
866     250.202835
868     250.817291
870     251.431907
872     252.046764
874     252.661702
876     253.276880
878     253.892219
880     254.507718
882     255.123378
884     255.739279
886     256.355341
888     256.971563
890     257.587946
892     258.204570
894     258.821354
896     259.438219
898     260.055404
900     260.672670
902     261.290178
904     261.907925
906     262.525754
908     263.143823
910     263.762133
912     264.380523
914     264.999154
916     265.617946
918     266.236979
920     266.856172
922     267.475606
924     268.095201
926     268.714956
928     269.334872
930     269.955110
932     270.575427
934     271.196066
936     271.816785
938     272.437745
940     273.058865
942     273.680227
944     274.301749
946     274.923512
948     275.545435
950     276.167599
952     276.790005
954     277.412490
956     278.035297
958     278.658264
960     279.281392
962     279.904761
964     280.528371
966     281.152142
968     281.776153
970     282.400325
972     283.024738
974     283.649311
976     284.274206
978     284.899261
980     285.524477
982     286.149933
984     286.775631
986     287.401489
988     288.027669
990     288.653928
992     289.280509
994     289.907251
996     290.534233
998     291.161376
1000     291.788840
1002     292.416465
1004     293.044331
1006     293.672357
1008     294.300624
1010     294.929132
1012     295.557962
1014     296.186871
1016     296.816102
1018     297.445413
1020     298.075126
1022     298.704919
1024     299.335033
1026     299.965388
1028     300.595903
1030     301.226660
1032     301.857657
1034     302.488896
1036     303.120375
1038     303.752095
1040     304.383976
1042     305.016097
1044     305.648540
1046     306.281143
1048     306.913988
1050     307.547153
1052     308.180479
1054     308.814046
1056     309.447854
1058     310.081903
1060     310.716193
1062     311.350643
1064     311.985414
1066     312.620427
1068     313.255760
1070     313.891174
1072     314.526990
1074     315.162885
1076     315.799102
1078     316.435640
1080     317.072339
1082     317.709279
1084     318.346540
1086     318.983961
1088     319.621703
1090     320.259687
1092     320.897831
1094     321.536296
1096     322.175083
1098     322.814030
1100     323.453218
1102     324.092727
1104     324.732397
1106     325.372388
1108     326.012620
1110     326.653093
1112     327.293887
1114     327.934922
1116     328.576117
1118     329.217634
1120     329.859391
1122     330.501470
1124     331.143790
1126     331.786350
1128     332.429152
1130     333.072275
1132     333.715638
1134     334.359243
1136     335.003169
1138     335.647335
1140     336.291743
1142     336.936391
1144     337.581361
1146     338.226571
1148     338.872103
1150     339.517875
1152     340.163889
1154     340.810224
1156     341.456799
1158     342.103616
1160     342.750753
1162     343.398132
1164     344.045832
1166     344.693773
1168     345.342034
1170     345.990537
1172     346.639281
1174     347.288346
1176     347.937732
1178     348.587359
1180     349.237227
1182     349.887416
1184     350.537846
1186     351.188677
1188     351.839670
1190     352.490983
1192     353.142537
1194     353.794412
1196     354.446609
1198     355.099046
1200     355.751805
1202     356.404885
1204     357.058206
1206     357.711768
1208     358.365731
1210     359.019855
1212     359.674380
1214     360.329146
1216     360.984153
1218     361.639562
1220     362.295211
1222     362.951182
1224     363.607394
1226     364.263926
1228     364.920780
1230     365.577875
1232     366.235372
1234     366.893109
1236     367.551168
1238     368.209467
1240     368.868088
1242     369.527029
1244     370.186292
1246     370.845796
1248     371.505702
1250     372.165848
1252     372.826315
1254     373.487024
1256     374.148134
1258     374.809484
1260     375.471157
1262     376.133150
1264     376.795464
1266     377.458100
1268     378.120976
1270     378.784254
1272     379.447773
1274     380.111694
1276     380.775855
1278     381.440337
1280     382.105061
1282     382.770266
1284     383.435632
1286     384.101399
1288     384.767487
1290     385.433897
1292     386.100548
1294     386.767600
1296     387.434893
1298     388.102668
1300     388.770603
1302     389.438860
1304     390.107518
1306     390.776497
1308     391.445798
1310     392.115419
1312     392.785282
1314     393.455626
1316     394.126131
1318     394.797118
1320     395.468346
1322     396.139895
1324     396.811845
1326     397.484036
1328     398.156629
1330     398.829543
1332     399.502778
1334     400.176335
1336     400.850212
1338     401.524411
1340     402.199011
1342     402.873933
1344     403.549176
1346     404.224740
1348     404.900625
1350     405.576911
1352     406.253519
1354     406.930448
1356     407.607698
1358     408.285350
1360     408.963323
1362     409.641617
1364     410.320232
1366     410.999249
1368     411.678587
1370     412.358246
1372     413.038307
1374     413.718689
1376     414.399392
1378     415.080497
1380     415.761922
1382     416.443669
1384     417.125818
1386     417.808288
1388     418.491078
1390     419.174271
1392     419.857784
1394     420.541700
1396     421.225936
1398     421.910574
1400     422.595533
1402     423.280813
1404     423.966495
1406     424.652498
1408     425.338902
1410     426.025627
1412     426.712755
1414     427.400203
1416     428.088053
1418     428.776224
1420     429.464796
1422     430.153690
1424     430.842985
1426     431.532601
1428     432.222619
1430     432.913039
1432     433.603779
1434     434.294841
1436     434.986385
1438     435.678169
1440     436.370436
1442     437.063023
1444     437.756012
1446     438.449322
1448     439.143034
1450     439.837067
1452     440.531582
1454     441.226337
1456     441.921575
1458     442.617133
1460     443.313174
1462     444.009455
1464     444.706218
1466     445.403302
1468     446.100708
1470     446.798595
1472     447.496804
1474     448.195494
1476     448.894425
1478     449.593758
1480     450.293572
1482     450.993708
1484     451.694245
1486     452.395184
1488     453.096444
1490     453.798185
1492     454.500248
1494     455.202713
1496     455.905579
1498     456.608846
1500     457.312435
1502     458.042603
1504     458.744906
1506     459.447692
1508     460.150879
1510     460.854387
1512     461.558378
1514     462.262769
1516     462.967562
1518     463.672757
1520     464.378273
1522     465.084270
1524     465.790669
1526     466.497470
1528     467.204672
1530     467.912276
1532     468.620281
1534     469.328768
1536     470.037576
1538     470.746785
1540     471.456477
1542     472.166570
1544     472.876984
1546     473.587880
1548     474.299177
1550     475.010796
1552     475.722976
1554     476.435398
1556     477.148301
1558     477.861687
1560     478.575393
1562     479.289501
1564     480.004091
1566     480.719001
1568     481.434394
1570     482.150108
1572     482.866304
1574     483.582901
1576     484.299900
1578     485.017300
1580     485.735182
1582     486.453385
1584     487.172070
1586     487.891076
1588     488.610484
1590     489.330373
1592     490.050664
1594     490.771357
1596     491.492531
1598     492.213946
1600     492.935924
1602     493.658222
1604     494.381002
1606     495.104184
1608     495.827768
1610     496.551752
1612     497.276139
1614     498.000926
1616     498.726196
1618     499.451787
1630     503.814406
1632     504.542646
1634     505.271851
1636     506.001135
1638     506.730821
1640     507.461069
1642     508.191800
1644     508.923011
1646     509.654303
1648     510.385997
1650     511.118253
1652     511.850990
1654     512.584210
1656     513.317911
1658     514.051692
1660     514.785875
1662     515.520620
1664     516.255847
1666     516.991555
1668     517.727344
1670     518.464016
1672     519.200769
1674     519.938003
1676     520.675719
1678     521.413998
1680     522.152195
1682     522.891437
1684     523.630679
1686     524.370403
1688     525.110608
1690     525.851295
1692     526.592063
1694     527.333794
1696     528.075525
1698     528.817738
1700     529.560433
1702     530.303689
1704     531.047428
1706     531.791167
1708     532.535869
1710     533.280571
1712     534.025835
1714     534.771581
1716     535.517247
1718     536.264037
1720     537.010747
1722     537.757938
1724     538.505692
1726     539.253927
1728     540.002644
1730     540.751843
1732     541.501043
1734     542.250804
1736     543.001047
1738     543.751771
1740     544.502978
1742     545.254666
1744     546.006435
1746     546.759167
1748     547.511899
1750     548.265113
1752     549.018809
1754     549.772505
1756     550.527244
1758     551.281984
1760     552.037687
1762     552.793391
1764     553.549656
1766     554.306403
1768     555.063070
1770     555.820781
1772     556.578572
1774     557.336765
1776     558.096001
1778     558.854675
1780     559.614394
1782     560.374674
1784     561.134874
1786     561.896118
1788     562.657282
1790     563.419008
1792     564.181215
1794     564.943985
1796     565.706674
1798     566.470408
1800     567.234141
1802     567.998356
1804     568.763053
1806     569.528312
1808     570.293973
1810     571.059713
1812     571.826418
1814     572.593122
1816     573.360389
1818     574.128057
1820     574.896287
1822     575.664999
1824     576.433711
1826     577.203466
1828     577.973142
1830     578.743379
1832     579.514099
1834     580.285300
1836     581.057063
1838     581.829228
1840     582.601473
1842     583.374200
1844     584.147891
1846     584.921662
1848     585.695352
1850     586.470086
1852     587.245303
1854     588.020519
1856     588.796699
1858     589.572959
1860     590.349620
1862     591.126844
1864     591.904550
1866     592.682817
1868     593.461004
1870     594.239673
1872     595.019386
1874     595.799100
1876     596.579375
1878     597.360051
1880     598.141290
1882     598.922448
1884     599.704731
1886     600.486933
1888     601.269617
1890     602.052863
1892     602.836511
1894     603.620721
1896     604.405493
1898     605.190184
1900     605.975920
1902     606.761575
1904     607.547793
1906     608.334492
1908     609.121753
1910     609.909416
1912     610.697640
1914     611.485865
1916     612.275053
1918     613.064322
1920     613.853992
1922     614.644225
1924     615.434939
1926     616.226135
1928     617.017331
1930     617.809570
1932     618.601730
1934     619.394933
1936     620.188137
1938     620.981902
1940     621.776069
1942     622.570316
1944     623.365527
1946     624.161220
1948     624.956913
1950     625.753168
1952     626.549824
1954     627.347042
1956     628.144743
1958     628.942925
1960     629.741669
1962     630.540332
1964     631.340040
1966     632.139748
1968     632.940018
1970     633.740689
1972     634.541922
1974     635.343637
1976     636.145834
1978     636.948513
1980     637.751192
1982     638.554433
1984     639.358637
1986     640.162842
1988     640.967528
1990     641.772777
1992     642.578427
1994     643.384157
1996     644.190851
1998     644.997544
2000     645.805282
2002     646.612939
2004     647.421159
2006     648.229860
2008     649.039043
2010     649.848789
2012     650.658453
2014     651.469162
2016     652.279871
2018     653.091624
2020     653.903296
2022     654.715450
2024     655.528167
2026     656.341365
2028     657.154563
2030     657.968805
2032     658.783529
2034     659.598172
2036     660.413378
2038     661.229627
2040     662.045796
2042     662.862528
2044     663.679661
2046     664.496874
2048     665.315131
2050     666.133789
2052     666.952528
2054     667.772230
2056     668.591852
2058     669.412117
2060     670.232783
2062     671.054011
2064     671.875721
2066     672.697351
2068     673.520104
2070     674.343260
2072     675.166495
2074     675.990213
2076     676.814894
2078     677.639575
2080     678.464737
2082     679.290462
2084     680.116187
2086     680.942876
2088     681.770046
2090     682.597216
2092     683.425431
2094     684.253645
2096     685.082341
2098     685.911519
2100     686.741258
2102     687.571400
2104     688.402103
2106     689.233289
2108     690.064474
2110     690.896703
2112     691.728932
2114     692.562125
2116     693.395318
2118     694.228993
2120     695.063149
2122     695.897868
2124     696.733068
2126     697.568750
2128     698.404432
2130     699.241158
2132     700.077804
2134     700.915493
2136     701.753183
2138     702.591435
2140     703.430088
2142     704.269303
2144     705.109000
2146     705.949179
2148     706.789840
2150     707.630581
2152     708.472205
2154     709.313910
2156     710.156658
2158     710.999326
2160     711.842476
2162     712.686188
2164     713.530382
2166     714.375058
2168     715.220296
2170     716.065935
2172     716.912137
2174     717.758338
2176     718.605503
2178     719.452748
2180     720.300395
2182     721.149086
2184     721.997776
2186     722.846949
2188     723.696684
2190     724.546820
2192     725.397036
2194     726.248216
2196     727.099878
2198     727.951620
2200     728.804245
2202     729.656951
2204     730.510620
2206     731.364370
2208     732.218521
2210     733.073234
2212     733.928429
2214     734.784106
2216     735.640265
2218     736.496423
2220     737.353626
2222     738.211310
2224     739.068994
2226     739.927160
2228     740.786370
2230     741.645580
2232     742.505272
2234     743.365446
2236     744.226101
2238     745.087319
2240     745.948938
2242     746.811119
2244     747.673862
2246     748.536525
2248     749.400232
2250     750.263858
2252     751.128609
2254     751.993279
2256     752.858432
2258     753.724628
2260     754.590824
2262     755.457502
2264     756.324661
2266     757.192383
2268     758.060025
2270     758.928710
2272     759.797877
2274     760.667044
2276     761.537256
2278     762.407467
2280     763.278641
2282     764.149816
2284     765.021473
2286     765.894173
2288     766.766793
2290     767.639975
2292     768.513720
2294     769.387865
2296     770.262011
2298     771.137201
2300     772.012872
2302     772.889106
2304     773.765259
2306     774.642456
2308     775.519573
2310     776.397252
2312     777.275975
2314     778.154618
2316     779.033823
2318     779.913509
2320     780.793677
2322     781.674328
2324     782.555540
2326     783.437234
2328     784.319410
2330     785.201585
2332     786.084725
2334     786.968426
2336     787.852047
2338     788.736793
2340     789.621458
2342     790.506605
2344     791.392796
2346     792.278986
2348     793.165659
2350     794.052813
2352     794.940450
2354     795.828648
2356     796.717328
2358     797.606490
2360     798.496134
2362     799.386339
2364     800.276545
2366     801.167715
2368     802.059366
2370     802.951017
2372     803.843953
2374     804.736086
2376     805.629825
2378     806.523564
2380     807.418106
2382     808.312648
2384     809.207993
2386     810.103338
2388     810.999486
2390     811.896437
2392     812.793388
2394     813.691142
2396     814.588896
2398     815.488256
2400     816.386813
2402     817.286173
2404     818.186336
2406     819.086499
2408     819.987465
2410     820.889234
2412     821.791003
2414     822.693575
2416     823.596147
2418     824.498719
2420     825.402897
2422     826.307075
2424     827.212056
2426     828.117037
2428     829.022821
2430     829.929408
2432     830.835995
2434     831.742582
2436     832.649972
2438     833.558165
2440     834.467161
2442     835.376157
2444     836.285153
2446     837.195755
2448     838.105554
2450     839.016959
2452     839.927561
2454     840.839769
2456     841.751977
2458     842.665791
2460     843.578802
2462     844.492616
2464     845.406430
2466     846.321047
2468     847.236467
2470     848.152690
2472     849.068913
2474     849.985136
2476     850.902162
2478     851.819991
2480     852.737820
2482     853.656452
2484     854.575887
2486     855.495322
2488     856.414757
2490     857.335798
2492     858.256839
2494     859.177880
2496     860.099724
2498     861.022371
2500     861.945018
2502     862.868468
2504     863.792721
2506     864.716974
2508     865.642030
2510     866.567086
2512     867.492945
2514     868.418804
2516     869.346269
2518     870.272931
2520     871.201199
2522     872.129467
2524     873.057735
2526     873.986806
2528     874.916680
2530     875.846554
2532     876.777231
2534     877.708711
2536     878.640191
2538     879.572474
2540     880.504757
2542     881.437843
2544     882.371732
2546     883.305621
2548     884.240313
2550     885.175005
2552     886.110500
2554     887.046798
2556     887.983096
2558     888.920197
2560     889.857298
2562     890.795202
2564     891.733106
2566     892.672616
2568     893.612126
2570     894.551636
2572     895.491949
2574     896.433065
2576     897.374181
2578     898.316100
2580     899.258019
2582     900.200741
2584     901.144266
2586     902.087791
2588     903.032119
2590     903.977250
2592     904.922381
2594     905.868315
2596     906.814249
2598     907.760986
2600     908.708526
2602     909.656066
2604     910.603606
2606     911.552752
2608     912.501898
2610     913.451044
2612     914.401796
2614     915.352548
2616     916.302497
2618     917.254855
2620     918.206410
2622     919.159571
2624     920.112732
2626     921.065893
2628     922.019857
2630     922.974624
2632     923.929391
2634     924.884961
2636     925.841334
2638     926.797707
2640     927.754883
2642     928.712059
2644     929.670038
2646     930.628820
2648     931.587602
2650     932.547187
2652     933.506772
2654     934.467160
2656     935.428351
2658     936.390345
2660     937.351536
2662     938.314333
2664     939.277130
2666     940.240730
2668     941.204330
2670     942.168733
2672     943.133939
2674     944.099145
2676     945.065154
2678     946.031163
2680     946.997975
2682     947.965590
2684     948.933205
2686     949.902426
2688     950.870844
2690     951.840065
2692     952.810089
2694     953.780113
2696     954.750940
2698     955.722570
2700     956.694200
2702     957.666633
2704     958.639066
2706     959.613105
2708     960.586341
2710     961.560380
2712     962.536025
2714     963.510867
2716     964.486512
2718     965.462960
2720     966.440211
2722     967.417462
2724     968.395516
2726     969.373570
2728     970.352427
2730     971.331284
2732     972.310944
2734     973.292210
2736     974.272673
2738     975.253939
2740     976.236008
2742     977.218077
2744     978.200949
2746     979.184624
2748     980.168299
2750     981.151974
2752     982.137255
2754     983.122536
2756     984.107817
2758     985.094704
2760     986.081591
2762     987.069281
2764     988.056168
2766     989.044661
2768     990.033957
2770     991.023253
2772     992.013352
2774     993.003451
2776     993.993550
2778     994.985255
2780     995.976960
2782     996.969468
2784     997.962779
2786     998.956090
2788     999.949401
2790    1000.943515
2792    1001.939235
2794    1002.934152
2796    1003.929872
2798    1004.926395
2800    1005.923721
2802    1006.920244
2804    1007.918373
2806    1008.916502
2808    1009.916237
2810    1010.915972
2812    1011.914904
2814    1012.916245
2816    1013.916783
2818    1014.918124
2820    1015.920268
2822    1016.922412
2824    1017.925359
2826    1018.929109
2828    1019.932859
2830    1020.937412
2832    1021.942768
2834    1022.947321
2836    1023.953480
2838    1024.960442
2840    1025.967404
2842    1026.974366
2844    1027.982934
2846    1028.991502
2848    1030.000873
2850    1031.010244
2852    1032.020418
2854    1033.031395
2856    1034.041569
2858    1035.053349
2860    1036.065129
2862    1037.077712
2864    1038.091098
2866    1039.104484
2868    1040.118673
2870    1041.133665
2872    1042.148657
2874    1043.164452
2876    1044.181050
2878    1045.197648
2880    1046.215049
2882    1047.232450
2884    1048.250654
2886    1049.269661
2888    1050.288668
2890    1051.308478
2892    1052.328288
2894    1053.349704
2896    1054.370317
2898    1055.392536
2900    1056.414755
2902    1057.437777
2904    1058.460799
2906    1059.484624
2908    1060.509252
2910    1061.533880
2912    1062.559311
2914    1063.585545
2916    1064.611779
2918    1065.638816
2920    1066.665853
2922    1067.694496
2924    1068.723139
2926    1069.751782
2928    1070.781228
2930    1071.811477
2932    1072.841726
2934    1073.872778
2936    1074.904633
2938    1075.936488
2940    1076.969146
2942    1078.002607
2944    1079.036068
2946    1080.070332
2948    1081.104596
2950    1082.139663
2952    1083.175533
2954    1084.212206
2956    1085.248879
2958    1086.285552
2960    1087.323831
2962    1088.362110
2964    1089.401192
2966    1090.440274
2968    1091.480159
2970    1092.520044
2972    1093.561535
2974    1094.603026
2976    1095.644517
2978    1096.686811
2980    1097.729908
2982    1098.773005
2984    1099.817708
2986    1100.862411
2988    1101.907114
2990    1102.952620
2992    1103.998126
2994    1105.045238
2996    1106.092350
2998    1107.139462
3000    1108.188180
