10	2.663	0.0517
10.05	2.6	0.04662
10.1	2.544	0.04238
10.15	2.493	0.03879
10.2	2.447	0.03573
10.25	2.405	0.0331
10.3	2.366	0.03083
10.35	2.33	0.02885
10.4	2.297	0.02712
10.45	2.266	0.0256
10.5	2.237	0.02427
10.55	2.21	0.02309
10.6	2.184	0.02205
10.65	2.159	0.02114
10.7	2.136	0.02033
10.75	2.113	0.01962
10.8	2.092	0.01901
10.85	2.071	0.01847
10.9	2.051	0.01802
10.95	2.032	0.01764
11	2.013	0.01734
11.05	1.995	0.0171
11.1	1.977	0.01694
11.15	1.959	0.01685
11.2	1.941	0.01683
11.25	1.924	0.0169
11.3	1.906	0.01706
11.35	1.888	0.0173
11.4	1.87	0.01766
11.45	1.852	0.01814
11.5	1.833	0.01877
11.55	1.814	0.01956
11.6	1.794	0.02055
11.65	1.773	0.0218
11.7	1.751	0.02335
11.75	1.727	0.0253
11.8	1.701	0.02775
11.85	1.672	0.03088
11.9	1.641	0.03491
11.95	1.605	0.04021
12	1.564	0.04732
12.05	1.516	0.05715
12.1	1.457	0.07123
12.15	1.384	0.09241
12.2	1.289	0.1265
12.25	1.162	0.1868
12.3	0.9858	0.3097
12.35	0.7844	0.5904
12.4	0.7289	1.072
12.45	0.9288	1.655
12.5	1.587	2.269
12.55	2.9	2.106
12.6	3.236	1.105
12.65	2.956	0.4893
12.7	2.718	0.2805
12.75	2.552	0.1823
12.8	2.433	0.1291
12.85	2.344	0.09703
12.9	2.275	0.07628
12.95	2.22	0.06208
13	2.174	0.05194
13.05	2.136	0.04446
13.1	2.102	0.03879
13.15	2.073	0.03441
13.2	2.047	0.03098
13.25	2.024	0.02825
13.3	2.002	0.02607
13.35	1.983	0.02433
13.4	1.964	0.02296
13.45	1.947	0.02189
13.5	1.93	0.02109
13.55	1.915	0.02055
13.6	1.899	0.02026
13.65	1.884	0.02022
13.7	1.869	0.02047
13.75	1.854	0.02107
13.8	1.839	0.02208
13.85	1.823	0.02366
13.9	1.807	0.02601
13.95	1.789	0.02953
14	1.769	0.03484
14.05	1.746	0.04311
14.1	1.719	0.05665
14.15	1.686	0.08025
14.2	1.649	0.1246
14.25	1.621	0.2119
14.3	1.67	0.3539
14.35	1.867	0.4101
14.4	1.999	0.282
14.45	1.998	0.1644
14.5	1.964	0.1016
14.55	1.931	0.06871
14.6	1.903	0.05016
14.65	1.881	0.03885
14.7	1.861	0.0315
14.75	1.845	0.02646
14.8	1.831	0.02287
14.85	1.818	0.02022
14.9	1.806	0.01821
14.95	1.795	0.01664
15	1.785	0.0154
15.05	1.776	0.01439
15.1	1.767	0.01358
15.15	1.758	0.0129
15.2	1.75	0.01234
15.25	1.742	0.01186
15.3	1.734	0.01146
15.35	1.726	0.01112
15.4	1.719	0.01083
15.45	1.711	0.01059
15.5	1.704	0.01037
15.55	1.697	0.01019
15.6	1.69	0.01004
15.65	1.683	0.009912
15.7	1.676	0.009805
15.75	1.669	0.009716
15.8	1.663	0.009644
15.85	1.656	0.009588
15.9	1.649	0.009546
15.95	1.642	0.009518
16	1.635	0.009501
16.05	1.629	0.009497
16.1	1.622	0.009503
16.15	1.615	0.00952
16.2	1.608	0.009547
16.25	1.601	0.009583
16.3	1.594	0.009629
16.35	1.587	0.009683
16.4	1.58	0.009747
16.45	1.573	0.00982
16.5	1.566	0.009901
16.55	1.559	0.009991
16.6	1.551	0.01009
16.65	1.544	0.0102
16.7	1.537	0.01031
16.75	1.529	0.01044
16.8	1.521	0.01058
16.85	1.514	0.01072
16.9	1.506	0.01087
16.95	1.498	0.01104
17	1.49	0.01121
17.05	1.481	0.0114
17.1	1.473	0.01159
17.15	1.464	0.0118
17.2	1.456	0.01202
17.25	1.447	0.01225
17.3	1.438	0.01249
17.35	1.429	0.01275
17.4	1.42	0.01302
17.45	1.41	0.01331
17.5	1.4	0.01361
17.55	1.39	0.01393
17.6	1.38	0.01427
17.65	1.37	0.01462
17.7	1.359	0.015
17.75	1.348	0.0154
17.8	1.337	0.01581
17.85	1.326	0.01626
17.9	1.314	0.01672
17.95	1.302	0.01722
18	1.289	0.01774
18.05	1.277	0.0183
18.1	1.263	0.01889
18.15	1.25	0.01951
18.2	1.236	0.02018
18.25	1.221	0.02089
18.3	1.207	0.02165
18.35	1.191	0.02245
18.4	1.175	0.02332
18.45	1.159	0.02424
18.5	1.142	0.02524
18.55	1.124	0.02631
18.6	1.105	0.02746
18.65	1.086	0.02871
18.7	1.066	0.03006
18.75	1.045	0.03153
18.8	1.023	0.03313
18.85	1	0.03489
18.9	0.9761	0.03682
18.95	0.9507	0.03896
19	0.9239	0.04134
19.05	0.8955	0.04401
19.1	0.8654	0.04701
19.15	0.8333	0.05044
19.2	0.7989	0.05438
19.25	0.762	0.05897
19.3	0.7221	0.06441
19.35	0.6786	0.07099
19.4	0.6308	0.07915
19.45	0.5777	0.08963
19.5	0.518	0.1037
19.55	0.4501	0.124
19.6	0.3723	0.1558
19.65	0.2879	0.2097
19.7	0.2149	0.2924
19.75	0.1696	0.3862
19.8	0.1439	0.4746
19.85	0.1284	0.5554
19.9	0.1183	0.63
19.95	0.1113	0.69998
20	0.1065	0.7665
20.05	0.103	0.8304
20.1	0.1006	0.8924
20.15	0.09894	0.953
20.2	0.09794	1.013
20.25	0.09747	1.072
20.3	0.09746	1.13
20.35	0.09786	1.189
20.4	0.09863	1.247
20.45	0.09976	1.306
20.5	0.1012	1.365
20.55	0.1031	1.425
20.6	0.1052	1.486
20.65	0.1078	1.548
20.7	0.1107	1.611
20.75	0.114	1.676
20.8	0.1177	1.742
20.85	0.1219	1.811
20.9	0.1266	1.881
20.95	0.1319	1.954
21	0.1379	2.03
21.05	0.1446	2.108
21.1	0.1521	2.191
21.15	0.1606	2.277
21.2	0.1703	2.368
21.25	0.1812	2.464
21.3	0.1937	2.565
21.35	0.2081	2.673
21.4	0.2248	2.789
21.45	0.2442	2.914
21.5	0.267	3.048
21.55	0.2941	3.195
21.6	0.3267	3.356
21.65	0.3664	3.533
21.7	0.4154	3.731
21.75	0.4773	3.955
21.8	0.5569	4.209
21.85	0.6622	4.502
21.9	0.8059	4.846
21.95	1.01	5.253
22	1.314	5.742
22.05	1.793	6.326
22.1	2.595	6.983
22.15	3.966	7.519
22.2	5.976	7.259
22.25	7.562	5.603
22.3	7.753	3.682
22.35	7.25	2.412
22.4	6.658	1.671
22.45	6.139	1.225
22.5	5.709	0.9407
22.55	5.354	0.749
22.6	5.058	0.6136
22.65	4.807	0.5142
22.7	4.593	0.439
22.75	4.406	0.3806
22.8	4.243	0.3343
22.85	4.098	0.2969
22.9	3.968	0.2663
22.95	3.851	0.2408
23	3.745	0.2195
23.05	3.648	0.2015
23.1	3.558	0.1861
23.15	3.475	0.1728
23.2	3.398	0.1614
23.25	3.325	0.1515
23.3	3.257	0.1429
23.35	3.192	0.1354
23.4	3.131	0.1289
23.45	3.072	0.1233
23.5	3.015	0.1184
23.55	2.961	0.1142
23.6	2.908	0.1106
23.65	2.857	0.1076
23.7	2.806	0.1052
23.75	2.757	0.1033
23.8	2.708	0.102
23.85	2.659	0.1012
23.9	2.61	0.1009
23.95	2.651	0.1012
24	2.512	0.102
24.05	2.461	0.1036
24.1	2.409	0.1059
24.15	2.355	0.109
24.2	2.3	0.1131
24.25	2.241	0.1184
24.3	2.179	0.1252
24.35	2.112	0.1336
24.4	2.041	0.1444
24.45	1.962	0.1581
24.5	1.876	0.1757
24.55	1.779	0.1988
24.6	1.668	0.2298
24.65	1.54	0.273
24.7	1.39	0.336
24.75	1.214	0.4336
24.8	1.015	0.5932
24.85	0.8305	0.8431
24.9	0.7156	1.161
24.95	0.6717	1.502
25	0.6787	1.853
25.05	0.7284	2.224
25.1	0.826	2.63
25.15	0.9915	3.087
25.2	1.27	3.618
25.25	1.759	4.233
25.3	2.661	4.854
25.35	4.194	5.028
25.4	5.689	3.971
25.45	5.982	2.469
25.5	5.633	1.515
25.55	5.22	0.9975
25.6	4.872	0.7043
25.65	4.595	0.5253
25.7	4.373	0.4086
25.75	4.193	0.3284
25.8	4.044	0.2708
25.85	3.919	0.228
25.9	3.812	0.1954
25.95	3.72	0.1698
26	3.639	0.1494
26.05	3.568	0.1328
26.1	3.505	0.1191
26.15	3.448	0.1077
26.2	3.397	0.0981
26.25	3.35	0.08988
26.3	3.308	0.0828
26.35	3.269	0.07666
26.4	3.233	0.07129
26.45	3.199	0.06656
26.5	3.168	0.06237
26.55	3.14	0.05865
26.6	3.113	0.05531
26.65	3.087	0.0523
26.7	3.063	0.04959
26.75	3.041	0.04713
26.8	3.02	0.04489
26.85	2.999	0.04284
26.9	2.98	0.04096
26.95	2.962	0.03924
27	2.945	0.03764
27.05	2.928	0.03617
27.1	2.913	0.0348
27.15	2.898	0.03353
27.2	2.883	0.03235
27.25	2.869	0.03125
27.3	2.856	0.03021
27.35	2.843	0.02924
27.4	2.831	0.02833
27.45	2.819	0.02748
27.5	2.808	0.02667
27.55	2.797	0.02591
27.6	2.786	0.02519
27.65	2.776	0.02451
27.7	2.766	0.02386
27.75	2.756	0.02325
27.8	2.747	0.02267
27.85	2.738	0.02212
27.9	2.729	0.02159
27.95	2.72	0.02108
28	2.712	0.0206
28.05	2.704	0.02014
28.1	2.696	0.01971
28.15	2.689	0.01929
28.2	2.681	0.01888
28.25	2.674	0.0185
28.3	2.667	0.01813
28.35	2.66	0.01777
28.4	2.653	0.01743
28.45	2.647	0.0171
28.5	2.641	0.01678
28.55	2.634	0.01647
28.6	2.628	0.01618
28.65	2.622	0.01589
28.7	2.617	0.01562
28.75	2.611	0.01535
28.8	2.605	0.0151
28.85	2.6	0.01485
28.9	2.595	0.01461
28.95	2.589	0.01438
29	2.584	0.01415
29.2	2.565	0.01332
29.4	2.547	0.01258
29.6	2.53	0.01192
29.8	2.515	0.01132
30	2.5	0.01079
30.5	2.468	0.009643
31	2.44	0.008721
31.5	2.416	0.007962
32	2.395	0.007326
50	2.214	0.00286
52.63	2.2	0.00268
55.56	2.188	0.00248
58.82	2.178	0.00229
62.5	2.169	0.00214
66.67	2.161	0.00191
71.43	2.154	0.00182
72.73	2.152	0.00185
74.07	2.15	0.00236
75.47	2.148	0.0036
76.92	2.147	0.00618
78.43	2.147	0.00674
80	2.148	0.00369
81.63	2.146	0.00156
83.33	2.144	0.00106
90.91	2.136	0.00094
100	2.132	0.000955
111.1	2.128	0.000884
125	2.124	0.000895
142.9	2.121	0.00091
166.7	2.119	0.000796
200	2.1114	0.000796
250	2.1096	0.000796
333.3	2.1081	0.000796
500	2.107	-0.0001
1000	2.1063	-0.0001
