0.01	0.968416	0.001745
0.01099	0.964778	0.00237
0.01199	0.960953	0.003146
0.013	0.956954	0.004072
0.014	0.952792	0.005174
0.016	0.944124	0.007958
0.01799	0.934744	0.01164
0.02	0.924583	0.01636
0.02198	0.913973	0.02227
0.02399	0.902694	0.0295
0.026	0.890837	0.03818
0.02799	0.878766	0.04851
0.02999	0.866493	0.06064
0.03199	0.854141	0.07461
0.03396	0.842171	0.09074
0.03597	0.83072	0.1093
0.03802	0.819753	0.1303
0.03999	0.809997	0.1534
0.04198	0.802291	0.1798
0.04395	0.797737	0.2088
0.04603	0.797007	0.2414
0.04797	0.805579	0.2766
0.05	0.820742	0.2998
0.052	0.830957	0.3153
0.05395	0.83524	0.331
0.05598	0.835295	0.3498
0.05794	0.831628	0.3739
0.05998	0.830901	0.4119
0.06194	0.840575	0.4558
0.06397	0.866994	0.5033
0.06607	0.903527	0.5355
0.06808	0.941801	0.5634
0.06998	0.981692	0.5791
0.07194	1.020921	0.5859
0.07396	1.049744	0.5805
0.07603	1.068724	0.5859
0.07798	1.087685	0.5981
0.07998	1.111682	0.6135
0.08204	1.140628	0.6292
0.08395	1.173382	0.6453
0.0859	1.214969	0.6573
0.0879	1.259495	0.6573
0.08995	1.302663	0.6528
0.09204	1.34676	0.6439
0.09397	1.387639	0.6292
0.09594	1.425425	0.605
0.09795	1.455868	0.5752
0.1	1.476628	0.543
0.1021	1.493473	0.5185
0.104	1.506677	0.4929
0.1059	1.516305	0.4707
0.1079	1.523589	0.4485
0.1099	1.528933	0.4303
0.1119	1.535363	0.4148
0.114	1.543211	0.3988
0.1159	1.54807	0.3826
0.118	1.553435	0.3705
0.1199	1.56087	0.3596
0.1219	1.570304	0.349
0.1239	1.584638	0.3387
0.1259	1.606068	0.322
0.1279	1.626822	0.2876
0.13	1.633849	0.2392
0.1321	1.61942	0.187
0.134	1.586268	0.1489
0.1361	1.536403	0.1333
0.138	1.496271	0.1422
0.14	1.471129	0.1678
0.1419	1.461485	0.1927
0.1439	1.460977	0.2167
0.1459	1.469275	0.2409
0.1479	1.489551	0.2641
0.15	1.521276	0.2772
0.1521	1.559942	0.2772
0.1542	1.596861	0.2581
0.156	1.620422	0.2338
0.1581	1.641473	0.2022
0.16	1.650184	0.167
0.1622	1.652917	0.1351
0.1641	1.6531	0.1039
0.166	1.647245	0.07241
0.1679	1.635062	0.03998
0.1698	1.605555	0.003998
0.1722	1.568183	0.002004
0.1742	1.549412	0.001182
0.175	1.543062	8.391E-4
0.1799	1.513343	5.995E-5
0.1849	1.491881	1.25E-6
0.1901	1.475183	3.622E-7
0.195	1.462543	1.85E-7
0.2	1.451724	1.101E-7
0.2051	1.442296	6.711E-8
0.2099	1.434685	3.844E-8
0.2148	1.427828	1.999E-8
0.2198	1.421603	1.27E-8
0.2249	1.415921	1.158E-8
0.2301	1.410702	1.101E-8
0.235	1.406358	1.071E-8
0.2399	1.402321	1.049E-8
0.2449	1.398535	9.904E-9
0.25	1.394993	9.307E-9
0.2553	1.391674	8.606E-9
0.26	1.388881	7.994E-9
0.2649	1.386239	7.444E-9
0.2698	1.383726	6.852E-9
0.2748	1.381341	6.292E-9
0.2799	1.379072	5.791E-9
0.2851	1.376902	5.405E-9
0.2897	1.375086	4.795E-9
0.2951	1.373098	4.403E-9
0.2999	1.371437	4.148E-9
0.3048	1.369839	3.826E-9
0.3097	1.368287	3.546E-9
0.3148	1.366812	3.325E-9
0.3199	1.365376	3.19E-9
0.3251	1.36399	3.082E-9
0.3304	1.362616	2.984E-9
0.335	1.361513	2.883E-9
0.3396	1.360441	2.766E-9
0.3451	1.359231	2.653E-9
0.3499	1.358224	2.528E-9
0.3548	1.357247	2.42E-9
0.3597	1.356295	2.316E-9
0.3648	1.35537	2.217E-9
0.3698	1.35447	2.117E-9
0.375	1.353594	2.031E-9
0.3802	1.35274	1.94E-9
0.3846	1.352046	1.84E-9
0.3899	1.351231	1.761E-9
0.3954	1.350438	1.663E-9
0.3999	1.349793	1.58E-9
0.4046	1.349159	1.489E-9
0.4102	1.348417	1.422E-9
0.415	1.347811	1.339E-9
0.4198	1.347219	1.258E-9
0.4246	1.346636	1.169E-9
0.4295	1.346066	1.088E-9
0.4345	1.345505	1.018E-9
0.4395	1.344956	9.393E-10
0.4446	1.344418	8.685E-10
0.4498	1.343889	8.087E-10
0.455	1.343368	7.795E-10
0.4603	1.342858	7.6E-10
0.4645	1.342455	7.495E-10
0.4699	1.341961	7.291E-10
0.4753	1.341475	7.011E-10
0.4797	1.341093	7.092E-10
0.4853	1.34062	7.158E-10
0.4898	1.340248	7.342E-10
0.4955	1.339791	7.849E-10
0.5	1.33943	9.243E-10
0.5047	1.339073	1.078E-9
0.5105	1.338635	1.267E-9
0.5152	1.338288	1.461E-9
0.52	1.337944	1.57E-9
0.5248	1.337607	1.64E-9
0.5297	1.337273	1.757E-9
0.5346	1.336943	1.887E-9
0.5395	1.336615	2.098E-9
0.5445	1.336292	2.269E-9
0.5495	1.335972	2.442E-9
0.5546	1.335656	2.659E-9
0.5598	1.335344	2.869E-9
0.5649	1.335035	3.132E-9
0.5702	1.334729	3.434E-9
0.5754	1.334425	3.844E-9
0.5794	1.3342	4.434E-9
0.5848	1.333902	5.221E-9
0.5902	1.333609	6.365E-9
0.5957	1.333316	7.723E-9
0.5998	1.3331	9.634E-9
0.6053	1.332813	1.132E-8
0.6095	1.332598	1.238E-8
0.6152	1.332317	1.33E-8
0.6194	1.332106	1.399E-8
0.6252	1.331826	1.472E-8
0.6295	1.331619	1.502E-8
0.6353	1.331345	1.552E-8
0.6397	1.331144	1.57E-8
0.6457	1.330877	1.606E-8
0.6501	1.330683	1.674E-8
0.6546	1.33049	1.777E-8
0.6607	1.330238	1.94E-8
0.6653	1.330052	2.031E-8
0.6699	1.329869	2.098E-8
0.6745	1.32969	2.177E-8
0.6808	1.329452	2.3E-8
0.6855	1.329278	2.471E-8
0.6902	1.329106	2.653E-8
0.695	1.328938	2.963E-8
0.6998	1.328769	3.348E-8
0.7047	1.328603	4.1E-8
0.7096	1.32844	4.998E-8
0.7145	1.328279	5.995E-8
0.7194	1.32812	7.291E-8
0.7244	1.327963	9.137E-8
0.7295	1.327808	1.15E-7
0.7345	1.327652	1.348E-7
0.7396	1.327502	1.458E-7
0.7447	1.32735	1.53E-7
0.7499	1.327201	1.559E-7
0.7551	1.327055	1.58E-7
0.7603	1.326909	1.58E-7
0.7656	1.326764	1.57E-7
0.7691	1.326667	1.527E-7
0.7745	1.326524	1.478E-7
0.7798	1.326382	1.409E-7
0.7852	1.326244	1.339E-7
0.7907	1.326104	1.282E-7
0.7943	1.326012	1.258E-7
0.7998	1.325874	1.25E-7
0.8054	1.325739	1.27E-7
0.8091	1.325648	1.33E-7
0.8147	1.325512	1.448E-7
0.8204	1.325379	1.621E-7
0.8241	1.32529	1.819E-7
0.8299	1.325157	2.041E-7
0.8356	1.325025	2.243E-7
0.8395	1.324937	2.459E-7
0.8453	1.324805	2.69E-7
0.8492	1.324718	2.929E-7
0.8551	1.32459	3.153E-7
0.859	1.324502	3.348E-7
0.865	1.324373	3.546E-7
0.871	1.324244	3.748E-7
0.875	1.324159	3.907E-7
0.879	1.324074	4.053E-7
0.8851	1.323946	4.234E-7
0.8892	1.323859	4.403E-7
0.8954	1.323732	4.622E-7
0.8995	1.323648	4.862E-7
0.9057	1.32352	5.15E-7
0.9099	1.323434	5.699E-7
0.9141	1.323351	6.696E-7
0.9204	1.323222	8.304E-7
0.9247	1.323138	1.06E-6
0.929	1.323054	1.368E-6
0.9354	1.322926	1.771E-6
0.9397	1.322842	2.169E-6
0.9441	1.322757	2.557E-6
0.9506	1.32263	2.932E-6
0.955	1.322546	3.19E-6
0.9594	1.322462	3.358E-6
0.9661	1.322333	3.464E-6
0.9705	1.322249	3.502E-6
0.975	1.322165	3.48E-6
0.9795	1.32208	3.418E-6
0.984	1.321994	3.336E-6
0.9908	1.321866	3.253E-6
0.9954	1.32178	3.131E-6
1	1.321695	3E-6
1.009	1.321521	2.688E-6
1.021	1.321303	2.352E-6
1.03	1.321128	2.001E-6
1.04	1.320952	1.69E-6
1.05	1.320775	1.419E-6
1.059	1.320596	1.299E-6
1.069	1.320416	1.259E-6
1.079	1.320233	1.329E-6
1.089	1.320051	1.499E-6
1.099	1.319865	1.708E-6
1.109	1.319678	2.038E-6
1.119	1.319488	2.628E-6
1.13	1.319296	3.869E-6
1.14	1.319103	5.951E-6
1.151	1.318909	9.306E-6
1.159	1.318763	1.069E-5
1.169	1.318566	1.12E-5
1.18	1.318366	1.16E-5
1.191	1.318162	1.181E-5
1.199	1.318008	1.199E-5
1.211	1.317799	1.191E-5
1.219	1.317641	1.179E-5
1.23	1.317427	1.16E-5
1.239	1.317263	1.139E-5
1.25	1.317042	1.1E-5
1.259	1.316873	1.079E-5
1.271	1.316645	1.09E-5
1.279	1.31647	1.139E-5
1.291	1.316233	1.221E-5
1.3	1.316052	1.4E-5
1.309	1.315868	1.639E-5
1.321	1.315618	1.912E-5
1.33	1.315425	2.251E-5
1.34	1.315228	2.849E-5
1.349	1.315031	4.047E-5
1.361	1.31476	4.505E-5
1.371	1.314547	5.804E-5
1.38	1.314329	7.802E-5
1.39	1.314104	1.06E-4
1.4	1.313871	1.53E-4
1.409	1.313671	2.54E-4
1.419	1.313518	3.197E-4
1.429	1.313373	3.538E-4
1.439	1.31322	3.629E-4
1.449	1.313055	3.637E-4
1.459	1.312888	3.604E-4
1.469	1.312715	3.387E-4
1.479	1.312525	3.018E-4
1.489	1.312318	2.659E-4
1.5	1.312093	2.248E-4
1.51	1.311852	1.958E-4
1.521	1.311604	1.741E-4
1.531	1.311352	1.602E-4
1.542	1.311097	1.441E-4
1.549	1.310923	1.348E-4
1.56	1.310659	1.24E-4
1.57	1.310387	1.14E-4
1.581	1.310114	1.071E-4
1.589	1.309928	9.94E-5
1.6	1.309642	9.347E-5
1.611	1.309352	8.804E-5
1.622	1.309055	8.31E-5
1.629	1.308855	8.096E-5
1.641	1.308548	7.903E-5
1.648	1.308341	7.591E-5
1.66	1.308021	7.398E-5
1.671	1.307672	7.404E-5
1.679	1.307435	7.495E-5
1.69	1.307073	7.601E-5
1.698	1.306829	7.743E-5
1.71	1.306453	8.05E-5
1.722	1.30607	8.41E-5
1.73	1.305809	8.9E-5
1.742	1.305413	9.51E-5
1.75	1.305142	1E-4
1.762	1.304727	1.051E-4
1.77	1.304442	1.12E-4
1.778	1.304155	1.219E-4
1.791	1.303718	1.33E-4
1.799	1.303418	1.359E-4
1.811	1.302947	1.371E-4
1.82	1.302616	1.38E-4
1.828	1.302269	1.418E-4
1.841	1.301709	1.552E-4
1.849	1.301291	1.861E-4
1.862	1.300633	3.205E-4
1.871	1.300214	5.209E-4
1.879	1.29986	7.224E-4
1.888	1.299545	9.221E-4
1.901	1.298998	0.001161
1.91	1.298791	0.001678
1.919	1.298793	0.001827
1.932	1.298681	0.001922
1.941	1.29859	0.001909
1.95	1.298472	0.001848
1.959	1.298308	0.001717
1.968	1.298051	0.001548
1.982	1.297607	0.001402
1.991	1.297292	0.00125
2	1.296913	0.001101
2.009	1.296499	9.904E-4
2.018	1.296066	8.888E-4
2.028	1.295606	8.05E-4
2.042	1.294919	7.392E-4
2.051	1.294457	6.742E-4
2.061	1.293973	6.206E-4
2.07	1.293476	5.725E-4
2.08	1.292966	5.294E-4
2.089	1.292438	4.884E-4
2.099	1.291899	4.643E-4
2.109	1.291353	4.403E-4
2.118	1.290795	4.176E-4
2.128	1.290221	3.97E-4
2.138	1.289634	3.826E-4
2.148	1.289033	3.705E-4
2.158	1.288418	3.587E-4
2.168	1.287787	3.506E-4
2.178	1.287139	3.434E-4
2.188	1.286474	3.395E-4
2.198	1.28579	3.379E-4
2.208	1.285087	3.387E-4
2.218	1.284365	3.41E-4
2.228	1.283619	3.458E-4
2.239	1.282852	3.571E-4
2.249	1.282064	3.739E-4
2.259	1.281256	3.898E-4
2.27	1.280421	4.081E-4
2.28	1.279561	4.293E-4
2.291	1.278675	4.506E-4
2.301	1.277755	4.686E-4
2.312	1.276797	4.918E-4
2.317	1.276305	5.114E-4
2.328	1.275295	5.43E-4
2.339	1.274257	5.995E-4
2.35	1.273184	6.365E-4
2.36	1.272062	6.852E-4
2.371	1.270902	7.427E-4
2.382	1.269682	7.921E-4
2.388	1.269059	8.488E-4
2.399	1.267787	9.095E-4
2.41	1.26645	9.904E-4
2.421	1.265059	0.001071
2.432	1.263577	0.00115
2.438	1.262824	0.00125
2.449	1.261297	0.001348
2.46	1.259683	0.001472
2.472	1.257969	0.00158
2.477	1.257102	0.001709
2.489	1.255347	0.00181
2.5	1.253465	0.0019
2.512	1.251445	0.001953
2.518	1.250383	0.00199
2.529	1.248127	0.002017
2.541	1.245672	0.002069
2.553	1.243014	0.002142
2.564	1.240167	0.002269
2.57	1.23867	0.002311
2.576	1.237089	0.002338
2.582	1.235426	0.002387
2.588	1.233679	0.002425
2.594	1.231834	0.002476
2.606	1.227769	0.002575
2.612	1.225483	0.002703
2.618	1.223082	0.002977
2.624	1.220535	0.003302
2.63	1.218078	0.004016
2.636	1.215699	0.004363
2.649	1.209954	0.004828
2.655	1.206519	0.005368
2.661	1.202951	0.006278
2.667	1.199289	0.007325
2.673	1.19534	0.008547
2.679	1.19139	0.01049
2.685	1.188087	0.0127
2.698	1.179962	0.01451
2.704	1.174582	0.0164
2.71	1.168874	0.01861
2.716	1.160993	0.0205
2.723	1.152876	0.02817
2.729	1.14952	0.038
2.742	1.142068	0.04622
2.748	1.136183	0.0548
2.754	1.13286	0.06483
2.761	1.131711	0.07444
2.767	1.132778	0.08352
2.78	1.130913	0.09285
2.786	1.127959	0.102
2.793	1.127558	0.1119
2.799	1.129478	0.121
2.812	1.128413	0.1312
2.818	1.125532	0.1422
2.825	1.125351	0.1541
2.831	1.127523	0.167
2.838	1.133346	0.1798
2.851	1.142386	0.194
2.858	1.145545	0.206
2.864	1.152284	0.2182
2.871	1.162372	0.229
2.884	1.178446	0.2392
2.891	1.185419	0.2493
2.897	1.195889	0.2581
2.904	1.208002	0.2647
2.917	1.229654	0.2715
2.924	1.240033	0.2759
2.931	1.252073	0.2798
2.938	1.263935	0.2804
2.951	1.285942	0.2824
2.958	1.297762	0.2817
2.965	1.307891	0.2785
2.979	1.32631	0.2759
2.985	1.334533	0.2721
2.999	1.352917	0.2721
3.048	1.411876	0.2398
3.097	1.452013	0.1918
3.148	1.466753	0.1348
3.199	1.461522	0.09243
3.251	1.449409	0.06106
3.304	1.432585	0.03688
3.35	1.417064	0.02611
3.396	1.404875	0.01949
3.451	1.39326	0.01321
3.499	1.384213	0.009393
3.548	1.376092	0.006789
3.597	1.368863	0.00515
3.648	1.362546	0.004234
3.698	1.356937	0.003596
3.75	1.351891	0.003402
3.802	1.347393	0.003402
3.846	1.343958	0.00353
3.899	1.340174	0.0038
3.954	1.336658	0.004157
3.999	1.333929	0.0046
4.046	1.331403	0.005067
4.102	1.328504	0.005621
4.15	1.326183	0.00622
4.198	1.323997	0.006883
4.246	1.321906	0.0076
4.295	1.319948	0.008449
4.345	1.318113	0.009307
4.395	1.316398	0.0103
4.446	1.31492	0.0114
4.498	1.313587	0.01238
4.55	1.312483	0.01361
4.603	1.311785	0.01472
4.645	1.311588	0.01548
4.699	1.311451	0.0157
4.753	1.311148	0.01552
4.797	1.310657	0.01499
4.853	1.309721	0.01441
4.898	1.30872	0.0137
4.955	1.307228	0.01312
5	1.305885	0.01241
5.047	1.304258	0.0118
5.105	1.301965	0.01111
5.152	1.29991	0.01061
5.2	1.29755	0.01011
5.248	1.294933	0.009904
5.297	1.292117	0.00979
5.346	1.289015	0.009881
5.395	1.285729	0.0103
5.445	1.282194	0.01078
5.495	1.278291	0.01158
5.546	1.273883	0.01258
5.598	1.268802	0.01418
5.649	1.262994	0.01659
5.702	1.256584	0.02031
5.754	1.24837	0.02482
5.794	1.242239	0.03295
5.848	1.234896	0.04323
5.902	1.229289	0.0622
5.957	1.231892	0.08646
5.998	1.242862	0.1069
6.053	1.268459	0.125
6.095	1.295314	0.1309
6.152	1.330121	0.1172
6.194	1.341605	0.08786
6.252	1.339863	0.06947
6.295	1.335754	0.05699
6.353	1.329242	0.04952
6.397	1.325038	0.04485
6.457	1.320468	0.04176
6.501	1.317726	0.03925
6.546	1.314837	0.03731
6.607	1.311404	0.03563
6.653	1.309021	0.0345
6.699	1.306716	0.03371
6.745	1.304521	0.0331
6.808	1.301901	0.03272
6.855	1.300125	0.03242
6.902	1.298382	0.0322
6.95	1.296751	0.03212
6.998	1.295193	0.03197
7.047	1.293609	0.0319
7.096	1.292093	0.03197
7.145	1.290696	0.03205
7.194	1.289296	0.03205
7.244	1.287944	0.0322
7.295	1.286624	0.0322
7.345	1.285242	0.03227
7.396	1.283912	0.03242
7.447	1.282606	0.03249
7.499	1.281248	0.03257
7.551	1.279895	0.03272
7.603	1.278508	0.03279
7.656	1.277123	0.03302
7.691	1.27622	0.0331
7.745	1.274794	0.03325
7.798	1.273363	0.03348
7.852	1.271952	0.03371
7.907	1.270543	0.03395
7.943	1.269613	0.0341
7.998	1.268163	0.03426
8.054	1.266657	0.0345
8.091	1.265652	0.03466
8.147	1.264125	0.0349
8.204	1.262564	0.03514
8.241	1.261488	0.0353
8.299	1.259903	0.03563
8.356	1.25824	0.03579
8.395	1.257072	0.03604
8.453	1.255384	0.03637
8.492	1.25422	0.03654
8.551	1.252405	0.03688
8.59	1.251193	0.03714
8.65	1.249353	0.03748
8.71	1.247433	0.03783
8.75	1.246095	0.03809
8.79	1.244791	0.03844
8.851	1.242789	0.0388
8.892	1.241424	0.03916
8.954	1.239322	0.03952
8.995	1.237862	0.03988
9.057	1.235657	0.04035
9.099	1.234142	0.04072
9.141	1.232659	0.0411
9.204	1.230259	0.04148
9.247	1.228589	0.04196
9.29	1.226967	0.04234
9.354	1.224439	0.04293
9.397	1.222699	0.04333
9.441	1.220909	0.04373
9.506	1.218113	0.04434
9.55	1.216115	0.04475
9.594	1.214136	0.04537
9.661	1.211068	0.046
9.705	1.208909	0.04664
9.75	1.206729	0.04718
9.795	1.204471	0.04784
9.84	1.202228	0.04851
9.908	1.1986	0.04929
9.954	1.195932	0.04998
10	1.193164	0.05079
10.05	1.190334	0.05174
10.09	1.187365	0.0527
10.14	1.1839	0.0538
10.21	1.180893	0.05805
10.26	1.17836	0.05634
10.3	1.174182	0.05845
10.35	1.170827	0.05995
10.4	1.167354	0.06191
10.45	1.16396	0.06394
10.5	1.160584	0.06619
10.54	1.157248	0.06852
10.59	1.153843	0.07092
10.64	1.150368	0.07359
10.69	1.146959	0.07652
10.74	1.143601	0.07958
10.79	1.140345	0.08294
10.84	1.137372	0.08646
10.89	1.134419	0.0897
10.94	1.131445	0.09328
10.99	1.12864	0.09678
11.04	1.125466	0.09995
11.09	1.12201	0.1039
11.14	1.118841	0.1083
11.19	1.116059	0.1129
11.25	1.113289	0.1172
11.3	1.110334	0.1218
11.35	1.107674	0.127
11.4	1.105361	0.1321
11.46	1.103057	0.137
11.51	1.100705	0.1422
11.56	1.097503	0.1472
11.59	1.096584	0.152
11.64	1.096068	0.157
11.69	1.094339	0.1621
11.75	1.092339	0.1678
11.8	1.090622	0.1741
11.86	1.089062	0.1802
11.91	1.086474	0.1865
11.94	1.086163	0.1927
11.99	1.08748	0.199
12.05	1.087926	0.2055
12.11	1.087993	0.2112
12.16	1.086723	0.2177
12.19	1.087212	0.2238
12.25	1.089721	0.2295
12.3	1.090913	0.2359
12.36	1.09127	0.242
12.39	1.092375	0.2476
12.45	1.095643	0.2528
12.5	1.098011	0.2593
12.56	1.099603	0.2641
12.59	1.100816	0.269
12.65	1.104624	0.274
12.71	1.107403	0.2791
12.76	1.108999	0.2837
12.79	1.110319	0.2883
12.85	1.114243	0.2929
12.91	1.116753	0.2977
12.94	1.118262	0.3012
13	1.122067	0.306
13.06	1.124841	0.3103
13.09	1.126485	0.3139
13.15	1.130583	0.3183
13.21	1.133825	0.3227
13.24	1.135773	0.3257
13.3	1.139515	0.3295
13.34	1.141428	0.3325
13.4	1.14585	0.3363
13.46	1.149628	0.3402
13.49	1.151643	0.3426
13.55	1.156338	0.3466
13.61	1.16015	0.349
13.65	1.161869	0.3514
13.71	1.165763	0.3546
13.74	1.167947	0.3571
13.8	1.172049	0.3596
13.84	1.174089	0.3621
13.9	1.178513	0.3646
13.96	1.182458	0.368
14	1.18474	0.3696
14.06	1.189086	0.3722
14.09	1.191399	0.3739
14.16	1.195603	0.3757
14.19	1.197623	0.3774
14.26	1.201594	0.3791
14.29	1.203552	0.3809
14.35	1.207465	0.3826
14.39	1.209428	0.3844
14.45	1.213645	0.3862
14.49	1.215328	0.3871
14.55	1.218762	0.3898
14.59	1.220973	0.3916
14.66	1.225566	0.3934
14.69	1.227627	0.3943
14.76	1.231631	0.3961
14.79	1.233597	0.397
14.86	1.2375	0.3988
14.89	1.239445	0.3998
14.96	1.243348	0.4016
15	1.245318	0.4025
15.07	1.24938	0.4044
15.1	1.251704	0.4053
15.14	1.253631	0.4053
15.21	1.256977	0.4072
15.24	1.25888	0.4081
15.31	1.263173	0.41
15.35	1.265082	0.41
15.42	1.26844	0.4119
15.45	1.270391	0.4128
15.49	1.272559	0.4138
15.56	1.276473	0.4148
15.6	1.278233	0.4157
15.67	1.282639	0.4176
15.7	1.284709	0.4176
15.74	1.286576	0.4186
15.81	1.290576	0.4196
15.85	1.292723	0.4205
15.89	1.294706	0.4205
15.96	1.298872	0.4225
16	1.30131	0.4225
16.03	1.303145	0.4225
16.11	1.306556	0.4234
16.14	1.30854	0.4244
16.22	1.313112	0.4254
16.26	1.315327	0.4254
16.29	1.317122	0.4254
16.37	1.320901	0.4264
16.41	1.322675	0.4264
16.44	1.324631	0.4274
16.48	1.326773	0.4274
16.56	1.33087	0.4283
16.6	1.333056	0.4283
16.63	1.334869	0.4283
16.71	1.338869	0.4293
16.75	1.341074	0.4293
16.79	1.342949	0.4293
16.87	1.347481	0.4303
16.9	1.349696	0.4293
16.94	1.351233	0.4293
16.98	1.352834	0.4293
17.06	1.356772	0.4303
17.1	1.359301	0.4303
17.14	1.361083	0.4293
17.22	1.364655	0.4303
17.26	1.367219	0.4303
17.3	1.369211	0.4293
17.34	1.370751	0.4293
17.42	1.374519	0.4293
17.46	1.376758	0.4293
17.5	1.378598	0.4283
17.54	1.380029	0.4283
17.62	1.38366	0.4283
17.66	1.385875	0.4283
17.7	1.387734	0.4274
17.74	1.389417	0.4274
17.78	1.390838	0.4264
17.86	1.394313	0.4274
17.91	1.396377	0.4264
17.95	1.398169	0.4264
17.99	1.399826	0.4254
18.03	1.401123	0.4254
18.11	1.404604	0.4254
18.16	1.406786	0.4254
18.2	1.408657	0.4244
18.24	1.410419	0.4244
18.28	1.412092	0.4234
18.37	1.415276	0.4234
18.41	1.417548	0.4234
18.45	1.419809	0.4225
18.49	1.421557	0.4215
18.54	1.42282	0.4205
18.62	1.426178	0.4205
18.66	1.428308	0.4196
18.71	1.429982	0.4186
18.75	1.43124	0.4176
18.79	1.432797	0.4176
18.84	1.434643	0.4167
18.88	1.435881	0.4157
18.97	1.439563	0.4157
19.01	1.441618	0.4138
19.05	1.442846	0.4128
19.1	1.444197	0.4119
19.14	1.445486	0.411
19.19	1.446666	0.41
19.23	1.447502	0.4091
19.32	1.450255	0.4091
19.36	1.452188	0.4081
19.41	1.453825	0.4072
19.45	1.455604	0.4062
19.5	1.456898	0.4044
19.54	1.457713	0.4035
19.59	1.458719	0.4025
19.63	1.45969	0.4016
19.68	1.460391	0.4007
19.77	1.463349	0.4007
19.82	1.4654	0.3988
19.86	1.466543	0.397
19.91	1.467	0.3952
19.95	1.467249	0.3943
20	1.467642	0.3934
20.99	1.483693	0.3818
21.98	1.499422	0.3722
23.01	1.516402	0.3629
23.99	1.529309	0.3482
25	1.537967	0.3356
26	1.54408	0.3227
26.98	1.54667	0.3103
27.99	1.546272	0.2991
28.97	1.542658	0.2889
29.99	1.5355	0.2817
30.97	1.527225	0.2791
31.99	1.519076	0.2798
33.04	1.511879	0.283
33.96	1.505906	0.2863
34.99	1.498932	0.2916
35.97	1.49296	0.2991
36.98	1.48674	0.3068
38.02	1.481006	0.319
38.99	1.478232	0.3317
39.99	1.476571	0.3442
41.02	1.475642	0.3587
41.98	1.477194	0.3739
42.95	1.480747	0.388
43.95	1.485266	0.4025
44.98	1.491543	0.4176
46.03	1.499424	0.4323
46.99	1.508821	0.4465
47.97	1.520272	0.4579
48.98	1.531473	0.4675
50	1.54227	0.4773
52	1.567492	0.4975
53.95	1.594131	0.5079
55.98	1.619157	0.5162
57.94	1.643739	0.5233
59.98	1.669053	0.5258
61.94	1.690223	0.5246
63.97	1.709762	0.5246
66.07	1.729441	0.5233
68.08	1.747333	0.5209
69.98	1.762824	0.5174
71.94	1.777162	0.5138
73.96	1.7908	0.5103
76.03	1.805539	0.5079
77.98	1.81911	0.5021
79.98	1.830882	0.4964
82.04	1.84233	0.4907
83.95	1.851943	0.4839
85.9	1.859854	0.4773
87.9	1.867327	0.4718
89.95	1.874242	0.4654
92.04	1.880545	0.46
93.97	1.88633	0.4548
95.94	1.891384	0.4485
97.95	1.895435	0.4434
100	1.899131	0.4383
109.9	1.907505	0.4176
119.9	1.911671	0.4167
130	1.919973	0.4186
140	1.927412	0.4205
150	1.934154	0.4264
160	1.941655	0.4333
169.8	1.948419	0.4403
179.9	1.955736	0.4506
190.1	1.965156	0.4611
200	1.974559	0.4697
209.9	1.983438	0.4784
219.8	1.992287	0.4873
230.1	2.001418	0.4964
239.9	2.010446	0.5056
250	2.020318	0.5138
260	2.029224	0.5209
269.8	2.037243	0.5282
279.9	2.045135	0.5355
289.7	2.052476	0.543
299.9	2.059773	0.5505
319.9	2.073976	0.566
339.6	2.086956	0.5805
359.7	2.099543	0.5967
380.2	2.112811	0.6135
399.9	2.125742	0.6292
419.8	2.139507	0.6453
439.5	2.153213	0.6589
460.3	2.166254	0.6727
479.7	2.177335	0.6852
500	2.188736	0.6995
520	2.200349	0.7125
539.5	2.210869	0.7241
559.8	2.220374	0.7359
579.4	2.228339	0.7478
599.8	2.236685	0.7617
650.1	2.254575	0.7921
699.8	2.270109	0.8314
749.9	2.290196	0.8725
799.8	2.312599	0.9116
849.2	2.337241	0.9501
899.5	2.363856	0.9835
950.6	2.385313	1.011
1000	2.399111	1.042
1100	2.43676	1.12
1200	2.481153	1.191
1300	2.527536	1.261
1400	2.577344	1.33
1500	2.629097	1.393
1600	2.679108	1.452
1700	2.729264	1.511
1800	2.781861	1.567
1900	2.831974	1.617
2000	2.881863	1.67
2100	2.9339	1.718
2200	2.983258	1.763
2300	3.032401	1.809
2400	3.084049	1.853
2500	3.133464	1.891
2600	3.179887	1.931
2700	3.228984	1.973
2800	3.27947	2.009
2900	3.326631	2.043
3000	3.37461	2.079
3100	3.422465	2.11
3200	3.468221	2.142
3300	3.516889	2.174
3400	3.563346	2.199
3500	3.607096	2.228
3600	3.650102	2.255
3700	3.695213	2.286
3800	3.74193	2.31
3900	3.785136	2.333
4000	3.829496	2.36
4100	3.873564	2.38
4200	3.917021	2.404
4300	3.960586	2.423
4400	4.003601	2.445
4500	4.045111	2.46
4600	4.084851	2.481
4700	4.125763	2.5
4800	4.16654	2.518
4900	4.207585	2.535
5000	4.248425	2.551
5100	4.288766	2.567
5200	4.328263	2.581
5300	4.367201	2.595
5400	4.403706	2.607
5500	4.442443	2.625
5600	4.482558	2.636
5700	4.51875	2.647
5800	4.555811	2.662
5901	4.593558	2.671
6001	4.631138	2.685
6100	4.667698	2.692
6200	4.704528	2.705
6299	4.740422	2.711
6400	4.77647	2.723
6500	4.8114	2.727
6599	4.844068	2.737
6700	4.881015	2.747
6800	4.915201	2.75
6899	4.946351	2.758
7000	4.9798	2.766
7101	5.013994	2.774
7199	5.047771	2.78
7300	5.083439	2.787
7399	5.116001	2.786
7501	5.146161	2.792
7600	5.177179	2.796
7700	5.209531	2.801
7800	5.241539	2.805
7900	5.273172	2.808
8000	5.304929	2.811
8100	5.336323	2.814
8200	5.367389	2.816
8300	5.398286	2.824
8400	5.428878	2.825
8500	5.459208	2.826
8600	5.489262	2.827
8700	5.519027	2.827
8800	5.548489	2.833
8900	5.577699	2.833
9000	5.606586	2.832
9100	5.635201	2.83
9200	5.663535	2.835
9300	5.691521	2.833
9400	5.719272	2.831
9500	5.746661	2.835
9600	5.773802	2.832
9700	5.800631	2.835
9800	5.827179	2.831
9900	5.853423	2.828
10000	5.879378	2.83
11000	6.131865	2.807
12000	6.346035	2.773
13000	6.538143	2.733
14000	6.711149	2.685
15000	6.867192	2.63
16000	7.007965	2.576
17000	7.135674	2.519
18000	7.252419	2.461
19000	7.358822	2.397
20000	7.455943	2.338
21000	7.544423	2.28
22000	7.625553	2.224
23000	7.701126	2.17
24000	7.768902	2.113
25000	7.831158	2.064
26000	7.889643	2.011
27000	7.941322	1.961
28000	7.989355	1.914
29000	8.033791	1.868
30000	8.074469	1.824
31000	8.11218	1.781
32000	8.147128	1.741
33000	8.179843	1.701
34000	8.209818	1.663
35000	8.238281	1.627
36000	8.264599	1.591
37000	8.288448	1.557
38000	8.311297	1.525
39000	8.332788	1.493
40000	8.3527	1.463
41000	8.371979	1.434
42000	8.389151	1.405
43000	8.405156	1.378
44000	8.420858	1.352
45000	8.43566	1.327
46000	8.449912	1.302
47000	8.462521	1.278
48000	8.474673	1.256
49000	8.48647	1.233
50000	8.49729	1.212
51000	8.507814	1.191
52000	8.51749	1.171
53000	8.526995	1.152
54000	8.535947	1.133
55000	8.54556	1.115
56000	8.554652	1.097
57000	8.563363	1.08
58000	8.571605	1.063
59010	8.579613	1.047
60010	8.587191	1.031
61000	8.594362	1.016
62000	8.601342	1.001
62990	8.607948	0.9867
64000	8.614382	0.9727
65000	8.620473	0.9589
65990	8.626323	0.9456
67000	8.63203	0.9328
68000	8.637431	0.9202
68990	8.642623	0.9078
70000	8.647693	0.896
71010	8.652568	0.8845
71990	8.657181	0.8728
73000	8.661691	0.8618
73990	8.666029	0.8509
75010	8.670273	0.8406
76000	8.674287	0.8302
77000	8.678217	0.8201
78000	8.681999	0.8104
79000	8.685638	0.8007
80000	8.689204	0.7914
81000	8.692637	0.7822
82000	8.695941	0.7733
83000	8.699181	0.7645
84000	8.702404	0.756
85000	8.705507	0.7476
86000	8.708553	0.7394
87000	8.711486	0.7314
88000	8.714366	0.7236
89000	8.717139	0.7159
89990	8.719808	0.7083
90990	8.722432	0.7009
92000	8.725011	0.6938
93000	8.727494	0.6867
93990	8.729884	0.6798
94990	8.732236	0.673
96010	8.734549	0.6663
97010	8.736776	0.6598
97990	8.738919	0.6534
98990	8.741029	0.6471
100000	8.743107	0.6409
109900	8.761392	0.5845
119900	8.776133	0.538
130000	8.788091	0.4983
140000	8.797836	0.4636
150000	8.804337	0.4337
160000	8.809677	0.4073
169800	8.814082	0.3837
179900	8.817867	0.363
190100	8.821129	0.3448
200000	8.823834	0.3277
209900	8.826184	0.3123
219800	8.82823	0.2983
230100	8.830103	0.286
239900	8.831656	0.2741
250000	8.833091	0.2634
260000	8.834348	0.2535
269800	8.835449	0.2441
279900	8.836475	0.2356
289700	8.837375	0.2274
299900	8.838141	0.2202
309700	8.838809	0.2132
319900	8.839434	0.2064
330400	8.84002	0.2008
339600	8.840491	0.1944
349900	8.840974	0.1891
359700	8.841394	0.184
369800	8.84179	0.179
380200	8.842166	0.1745
389900	8.842491	0.1701
399900	8.842801	0.1659
410200	8.843095	0.1621
419800	8.843349	0.158
429500	8.843591	0.1545
439500	8.843823	0.1509
449800	8.844044	0.1478
460300	8.844254	0.1448
469900	8.844436	0.1415
479700	8.844609	0.1386
489800	8.844776	0.1358
500000	8.844936	0.1333
510500	8.845089	0.1309
520000	8.84522	0.1282
529700	8.845345	0.1258
539500	8.845467	0.1233
549500	8.845583	0.1213
559800	8.845696	0.1191
570200	8.845804	0.1172
579400	8.845896	0.115
590200	8.845997	0.1132
599800	8.846082	0.1114
609500	8.846164	0.1093
619400	8.846244	0.1076
629500	8.846321	0.1061
639700	8.846396	0.1044
650100	8.846468	0.103
660700	8.846538	0.1013
669900	8.846596	0.09995
680800	8.846662	0.09858
690200	8.846716	0.097
699800	8.846769	0.09567
709600	8.846821	0.09436
719400	8.846871	0.09285
729500	8.84692	0.09179
739600	8.846967	0.09053
749900	8.847013	0.08929
760300	8.847058	0.08827
769100	8.847094	0.08705
779800	8.847137	0.08586
790700	8.847178	0.08488
799800	8.847212	0.08391
809100	8.847244	0.08275
820400	8.847283	0.08181
829900	8.847314	0.08087
839500	8.847344	0.07976
849200	8.847374	0.07885
859000	8.847403	0.07795
871000	8.847437	0.07723
879000	8.847459	0.07617
889200	8.847485	0.07547
899500	8.847512	0.07461
909900	8.847537	0.07375
920400	8.847563	0.07308
929000	8.847582	0.07224
939700	8.847606	0.07142
950600	8.84763	0.07076
959400	8.847648	0.06995
970500	8.847671	0.06931
979500	8.847688	0.06852
990800	8.84771	0.06804
1000000	8.847727	0.06727
1099000	8.847889	0.06121
1199000	8.848013	0.05621
1300000	8.848109	0.05197
1400000	8.848183	0.04828
1500000	8.848243	0.04506
1600000	8.848291	0.04234
1698000	8.84833	0.03979
1799000	8.848364	0.03765
1901000	8.848392	0.03571
2000000	8.848415	0.03395
2099000	8.848435	0.03234
2198000	8.848452	0.03089
2301000	8.848467	0.02957
2399000	8.84848	0.02837
2500000	8.848491	0.02721
2600000	8.848501	0.02623
2698000	8.84851	0.02522
2799000	8.848518	0.02437
2897000	8.848524	0.02348
2999000	8.848531	0.02274
3097000	8.848536	0.02202
3199000	8.848541	0.02132
3304000	8.848546	0.02074
3396000	8.84855	0.02008
3499000	8.848554	0.01953
3597000	8.848557	0.019
3698000	8.84856	0.01848
3802000	8.848563	0.01802
3899000	8.848566	0.01757
3999000	8.848568	0.01713
4102000	8.84857	0.0167
4198000	8.848572	0.01632
4295000	8.848574	0.01591
4395000	8.848576	0.01559
4498000	8.848577	0.01523
4603000	8.848579	0.01492
4699000	8.84858	0.01458
4797000	8.848581	0.01428
4898000	8.848582	0.01399
5000000	8.848584	0.01373
5105000	8.848585	0.01348
5200000	8.848585	0.01321
5297000	8.848586	0.01297
5395000	8.848587	0.01273
5495000	8.848588	0.0125
5598000	8.848589	0.01227
5702000	8.848589	0.01207
5794000	8.84859	0.01185
5902000	8.848591	0.01166
5998000	8.848591	0.01148
6095000	8.848592	0.01129
6194000	8.848592	0.01111
6295000	8.848593	0.01091
6397000	8.848593	0.01076
6501000	8.848594	0.01061
6607000	8.848594	0.01044
6699000	8.848594	0.0103
6808000	8.848595	0.01016
6902000	8.848595	0.009995
6998000	8.848595	0.009858
7096000	8.848596	0.0097
7194000	8.848596	0.009567
7295000	8.848596	0.009458
7396000	8.848596	0.009328
7499000	8.848597	0.0092
7603000	8.848597	0.009095
7691000	8.848597	0.008949
7798000	8.848597	0.008847
7907000	8.848598	0.008746
7998000	8.848598	0.008626
8091000	8.848598	0.008527
8204000	8.848598	0.008429
8299000	8.848598	0.008333
8395000	8.848598	0.008218
8492000	8.848598	0.008124
8590000	8.848599	0.008031
8710000	8.848599	0.007958
8790000	8.848599	0.007849
8892000	8.848599	0.007759
8995000	8.848599	0.007688
9099000	8.848599	0.0076
9204000	8.848599	0.00753
9290000	8.848599	0.007444
9397000	8.8486	0.007359
9506000	8.8486	0.007291
9594000	8.8486	0.007208
9705000	8.8486	0.007142
9795000	8.8486	0.00706
9908000	8.8486	0.007011
10000000	8.8486	0.006931
